1.09888 -0.00203171
1.75611 -0.0672217
2.40499 -0.11088
3.06384 -0.150161
3.74902 -0.223922
4.39188 -0.276529
5.15413 -0.328218
5.86139 -0.372537
6.58837 -0.391985
7.27692 -0.412389
7.92107 -0.427397
8.67267 -0.427796
9.41921 -0.431515
10.1281 -0.442445
10.8331 -0.461395
11.5104 -0.480585
12.1556 -0.482538
12.8329 -0.477416
13.4506 -0.474458
14.132 -0.470705
14.7598 -0.471839
15.4226 -0.477175
16.1588 -0.491736
16.8269 -0.513402
17.4752 -0.546002
18.1259 -0.588057
18.8036 -0.616529
19.4509 -0.632351
20.1859 -0.61793
20.8661 -0.57792
21.6199 -0.531994
22.3452 -0.488898
23.0144 -0.461956
23.7274 -0.476928
24.4051 -0.481368
25.0279 -0.479599
25.7826 -0.469309
26.4414 -0.422269
27.1184 -0.362784
27.7957 -0.301428
28.4662 -0.240336
29.196 -0.152723
29.9373 -0.0444653
30.6461 0.164587
31.339 0.527008
32.0159 0.973936
32.6481 1.58579
33.1606 2.27157
33.5287 2.90814
33.8298 3.56641
34.1013 4.3047
34.2648 4.92893
34.4017 5.6633
34.4884 6.40607
34.5635 7.10825
34.5929 7.81064
34.6178 8.48405
34.644 9.18685
34.6665 9.86345
34.6977 10.5698
34.7291 11.1874
34.7643 11.8834
34.8056 12.5595
34.8094 13.3063
34.7971 13.9458
34.8013 14.6015
34.8104 15.2944
34.8239 15.984
34.8398 16.6633
34.8622 17.3208
34.8793 17.9786
34.898 18.6926
34.9201 19.4645
34.939 20.1489
34.959 20.8177
34.9858 21.5553
35.0062 22.1981
35.0175 22.9516
35.0486 23.6026
35.0739 24.3874
35.0993 25.0492
35.1063 25.7547
35.0963 26.4237
35.1141 27.0679
35.174 27.8006
35.2332 28.5525
35.2694 29.2612
35.2561 29.9644
35.2377 30.6079
35.2256 31.3876
35.2242 32.0536
35.2308 32.7208
35.2399 33.3675
35.2519 34.0211
35.2496 34.6884
35.2448 35.3768
35.2394 36.0792
35.239 36.7317
35.243 37.5307
35.2255 38.2038
35.2108 38.8407
35.217 39.4858
35.2343 40.1368
35.2411 40.782
35.2381 41.5275
35.2253 42.2357
35.1976 42.9154
35.1743 43.5815
35.1544 44.2789
35.1396 45.0103
35.132 45.6582
35.1193 46.3212
35.0735 46.971
35.0188 47.6725
34.9729 48.3485
34.934 49.0232
34.9001 49.7275
34.8719 50.4451
34.8148 51.0857
34.7132 51.7927
34.5857 52.4518
34.3892 53.2315
34.1709 53.9049
33.8964 54.6241
33.5922 55.2758
33.2748 55.8887
32.913 56.521
32.3897 57.2024
31.7258 57.7776
31.0125 58.1816
30.2892 58.4745
29.5737 58.723
28.9044 58.8725
28.2218 58.9654
27.5861 59.0401
26.9242 59.1167
26.2789 59.1915
25.496 59.2837
24.762 59.3756
24.0969 59.4691
23.4618 59.5657
22.7912 59.6494
22.0725 59.7282
21.4599 59.7709
20.8091 59.8102
20.1424 59.8506
19.4463 59.8909
18.7316 59.9358
17.9468 59.9839
17.2943 60.0242
16.5768 60.0685
15.9293 60.1084
15.2519 60.1558
14.5759 60.2085
13.899 60.2668
13.2248 60.3176
12.5812 60.3385
11.8532 60.3539
11.1195 60.3672
10.3289 60.3804
9.47111 60.395
8.73773 60.4046
8.09852 60.4123
7.43212 60.422
6.78669 60.4335
6.11419 60.4487
5.44976 60.4674
4.80386 60.492
4.14231 60.5225
3.50896 60.5579
2.90797 60.597
2.27413 60.636
1.60795 60.6844
0.973144 60.7311
0.281234 60.7842
-0.366447 60.8393
-0.980493 60.896
-1.63617 60.9581
-2.38064 61.0355
-3.04083 61.0968
-3.79775 61.1703
-4.4751 61.2141
-5.11093 61.2367
-5.75553 61.2574
-6.46777 61.278
-7.10003 61.3086
-7.77949 61.3575
-8.4546 61.4232
-9.10041 61.49
-9.71733 61.535
-10.4299 61.5886
-11.2282 61.6577
-11.8751 61.7194
-12.6288 61.7984
-13.2591 61.8694
-13.9883 61.9599
-14.6317 62.0464
-15.3569 62.1484
-16.0309 62.2509
-16.7261 62.3605
-17.4311 62.4545
-20.3072 62.7769
-21.0843 62.8504
-21.7521 62.9034
-22.4199 62.9688
-23.1338 63.0481
-23.7911 63.1029
-24.5196 63.1233
-25.1558 63.1394
-25.9133 63.1556
-26.7613 63.1798
-27.4368 63.2102
-28.1107 63.248
-28.776 63.2735
-29.4408 63.3007
-30.1476 63.3388
-30.8513 63.3752
-31.5984 63.375
-32.2617 63.3917
-32.9153 63.452
-33.6469 63.5014
-34.2888 63.5375
-34.9505 63.5774
-35.6039 63.6188
-36.3679 63.6721
-37.0043 63.7032
-37.6906 63.7282
-38.3303 63.7559
-38.9769 63.7915
-39.6337 63.8325
-40.2665 63.8776
-40.9657 63.935
-41.6315 63.9996
-42.287 64.0703
-42.9988 64.158
-43.6767 64.2493
-44.3847 64.3551
-45.0474 64.4629
-45.725 64.5812
-46.4564 64.7174
-47.1226 64.841
-47.842 64.9585
-48.5629 65.0821
-49.1931 65.1963
-49.9355 65.3016
-50.5808 65.3813
-51.2687 65.4743
-51.911 65.5601
-52.6232 65.6424
-53.2855 65.7052
-54.0996 65.7509
-54.7607 65.7838
-55.4489 65.8116
-56.0873 65.8566
-56.7398 65.9158
-57.4192 65.9679
-58.0633 65.9983
-58.7644 66.0158
-59.4429 66.0258
-60.1314 66.0322
-60.7559 66.0438
-61.4381 66.0601
-62.1657 66.0833
-62.8374 66.1002
-63.4921 66.1214
-64.2294 66.1493
-64.9723 66.1847
-65.6604 66.2274
-66.3778 66.272
-67.0721 66.3188
-67.7267 66.3675
-68.4009 66.4247
-69.1809 66.4936
-69.8618 66.5614
-70.4849 66.6361
-71.2213 66.7032
-71.8693 66.7679
-72.5787 66.8204
-73.2658 66.8727
-73.9849 66.9297
-74.6 66.9834
-75.2429 67.0454
-75.8876 67.0925
-76.5369 67.1265
-77.3067 67.1887
-77.9362 67.2385
-78.6371 67.284
-79.3053 67.3228
-79.9787 67.3538
-80.6568 67.3698
-81.2726 67.3884
-81.9169 67.418
-82.574 67.4468
-83.2693 67.4779
-83.9856 67.524
-84.6456 67.5798
-85.3426 67.6483
-85.9556 67.7045
-86.5955 67.7708
-87.3378 67.7923
-87.9743 67.7516
-88.6689 67.7006
-89.3353 67.6543
-89.9915 67.6143
-90.7813 67.5752
-91.4142 67.498
-92.1499 67.3378
-92.8182 67.1326
-93.5049 66.9131
-94.1718 66.6997
-94.8322 66.4923
-95.5225 66.2747
-96.1975 66.0635
-96.5513 65.9588
-96.5958 65.7395
-96.7575 64.9806
-96.85 64.2972
-96.9372 63.6244
-97.0298 62.9511
-97.0743 62.2877
-97.101 61.6695
-97.1409 60.961
-97.1846 60.3254
-97.2156 59.661
-97.2327 59.0092
-97.2489 58.3516
-97.2746 57.6673
-97.3062 56.9862
-97.3431 56.2868
-97.3839 55.5944
-97.4047 54.9237
-97.4251 54.2407
-97.4556 53.6011
-97.4834 52.8962
-97.4754 52.2057
-97.4619 51.5586
-97.4502 50.9171
-97.442 50.2767
-97.4372 49.6329
-97.4374 48.9962
-97.441 48.3533
-97.4136 47.683
-97.3765 47.0285
-97.3477 46.3045
-97.3363 45.5179
-97.3406 44.8471
-97.3563 44.1718
-97.3834 43.4667
-97.396 42.8201
-97.4022 42.1426
-97.3875 41.5236
-97.3716 40.9131
-97.3506 40.2106
-97.3292 39.5387
-97.3093 38.896
-97.2885 38.2223
-97.2677 37.5793
-97.2451 36.8325
-97.2251 36.1712
-97.2084 35.5293
-97.1922 34.8518
-97.1812 34.1797
-97.1759 33.5468
-97.1767 32.8923
-97.1728 32.179
-97.164 31.5203
-97.144 30.7352
-97.1115 30.0363
-97.0799 29.3756
-97.046 28.6574
-97.0163 28.0219
-96.9873 27.3307
-96.96 26.6784
-96.933 26.0462
-96.9163 25.3885
-96.9096 24.767
-96.9112 24.1099
-96.9205 23.3813
-96.9349 22.7644
-96.9576 22.1357
-96.994 21.4305
-97.0184 21.0126
-97.0123 21.0105
-96.2964 20.7956
-95.6124 20.6816
-94.9692 20.6082
-94.2893 20.5396
-93.623 20.4758
-92.8639 20.4052
-92.213 20.3423
-91.5839 20.2905
-90.8502 20.2211
-90.0815 20.1388
-89.4064 20.058
-88.7648 19.9759
-88.0668 19.9038
-87.3925 19.8531
-86.6222 19.7925
-85.8685 19.7364
-85.1221 19.7283
-84.4289 19.7295
-83.7098 19.7343
-83.0803 19.7375
-82.4629 19.7314
-81.7577 19.7152
-81.1005 19.6942
-80.4332 19.6626
-79.8162 19.6435
-79.144 19.6331
-78.4719 19.6184
-77.8211 19.5943
-77.1698 19.5613
-76.4744 19.5161
-75.8189 19.4608
-75.0678 19.3852
-74.4185 19.3358
-73.7157 19.3032
-73.0937 19.2753
-72.4166 19.2543
-71.7482 19.2624
-71.0881 19.2683
-70.4382 19.2707
-69.7734 19.2694
-69.1225 19.265
-68.47 19.2566
-67.77 19.2514
-67.0955 19.2689
-66.4506 19.2887
-65.8288 19.3134
-65.17 19.3425
-64.4704 19.3745
-63.8462 19.399
-63.1635 19.4246
-62.4213 19.4469
-61.7322 19.4632
-61.0561 19.4748
-60.3279 19.489
-59.6966 19.4983
-59.0256 19.5069
-58.316 19.5121
-57.6635 19.5139
-56.9869 19.5123
-56.3773 19.5074
-55.6633 19.4949
-54.9225 19.4762
-54.2208 19.4512
-53.5544 19.4209
-52.8882 19.4002
-52.1532 19.3857
-51.4845 19.3675
-50.779 19.341
-50.109 19.3276
-49.4325 19.3401
-48.7884 19.3468
-48.0428 19.347
-47.3489 19.3364
-46.6712 19.3188
-46.0178 19.299
-45.24 19.2828
-44.5634 19.3065
-43.861 19.3407
-43.1686 19.3694
-42.4706 19.393
-41.7161 19.4133
-41.0273 19.426
-40.3078 19.4322
-39.6198 19.4292
-38.8925 19.4181
-38.1791 19.3979
-37.4632 19.3671
-36.7021 19.3242
-36.0524 19.2782
-35.4187 19.2231
-34.7181 19.1511
-33.9898 19.0641
-33.3461 18.9916
-32.5671 18.9333
-31.8918 18.8852
-31.1913 18.8351
-30.5052 18.7814
-29.8014 18.7226
-29.1597 18.6662
-28.4904 18.6048
-27.8575 18.5437
-27.2511 18.4718
-26.5602 18.3832
-25.9334 18.3071
-25.2702 18.2235
-24.5362 18.126
-23.852 18.0323
-23.161 17.9315
-22.4903 17.8277
-21.8034 17.7179
-21.1506 17.6117
-21.0698 17.5986
-21.0406 17.371
-20.9498 16.6665
-20.8715 16.0262
-20.7876 15.3118
-20.7002 14.6298
-20.6068 13.912
-20.5289 13.2888
-20.444 12.5739
-20.3396 11.8767
-20.2119 11.2089
-20.0775 10.5649
-19.9286 9.84497
-19.7863 9.12753
-19.6481 8.40548
-19.5233 7.7147
-19.3778 7.05255
-19.2233 6.37403
-19.069 5.68253
-18.9194 4.99278
-18.7824 4.35494
-18.6233 3.64416
-18.4487 2.9112
-18.2767 2.2848
-18.0751 1.61314
-17.8614 0.94679
-17.639 0.255983
-17.4316 -0.403982
-17.2418 -1.0142
-17.2468 -1.00928
-17.0379 -1.011
-16.3446 -1.0197
-15.6899 -1.04084
-15.0722 -1.0775
-14.3077 -1.13383
-13.6432 -1.15528
-12.9344 -1.17743
-12.3082 -1.20212
-11.6197 -1.24699
-10.947 -1.28596
-10.2445 -1.31171
-9.5688 -1.34348
-8.8469 -1.38308
-8.21927 -1.42589
-7.48329 -1.48296
-6.80708 -1.52187
-6.10416 -1.55937
-5.40531 -1.59922
-4.69045 -1.64206
-3.90903 -1.69812
-3.23945 -1.74095
-2.62589 -1.77872
-1.9527 -1.79633
-1.24853 -1.81077
-0.582171 -1.82467
