15.4728 -0.523591
17.5206 -0.633348
18.2084 -0.649434
18.8545 -0.645801
22.951 -0.499822
23.6595 -0.502476
24.3433 -0.498595
25.0003 -0.469377
25.6981 -0.411991
26.3993 -0.350385
27.0112 -0.298034
27.6657 -0.233229
32.7381 2.98554
33.3376 4.40648
33.5187 5.02435
33.7412 6.34129
33.8287 9.78774
34.3031 15.2076
34.5769 20.6654
34.8732 25.358
35.1983 30.0766
35.2787 32.9423
35.3017 33.5853
35.2885 35.0335
35.2636 35.7629
35.2818 39.9061
35.3029 41.2996
35.2985 41.9806
35.1982 44.6771
35.0769 47.3377
35.019 48.0959
34.9755 48.7572
34.9404 49.3984
34.9128 50.0081
34.3551 53.3704
34.1328 54.0435
33.8702 54.6973
29.289 58.7656
5.24177 60.4753
-3.51684 61.1457
-12.9757 61.8329
-27.1646 63.2104
-33.4055 63.4959
-59.417 66.0551
-67.0792 66.3702
-69.3308 66.656
-70.1537 66.7669
-70.8106 66.8369
-71.4607 66.867
-72.1484 66.8991
-72.8456 66.941
-74.1797 67.0425
-76.1382 67.2026
-76.8761 67.2411
-77.5214 67.3021
-78.2419 67.3517
-79.0264 67.398
-80.4625 67.4492
-81.2495 67.4694
-81.954 67.4976
-83.3035 67.5559
-84.6415 67.6508
-90.7688 67.6125
-92.1374 67.3679
-92.8046 67.1593
-93.4939 66.9349
-94.1032 66.736
-94.7416 66.5296
-95.4024 66.3193
-96.0666 66.1106
-96.5416 65.9681
-96.5406 65.9615
-96.8232 64.5243
-96.913 63.839
-97.006 63.1674
-97.1037 61.8173
-97.2271 59.7506
-97.2456 58.8659
-97.265 58.1593
-97.2983 57.4216
-97.4071 55.3633
-97.4224 54.6682
-97.4836 53.316
-97.4437 49.2422
-97.4448 48.6032
-97.4357 47.9872
-97.3425 45.8381
-97.3419 45.0085
-97.3817 43.4826
-97.3948 42.8342
-97.3682 40.9261
-97.3277 39.5505
-97.2441 36.8238
-97.2252 36.1768
-97.1478 30.823
-97.0535 28.797
-97.0256 28.1813
-96.9987 27.507
-96.9713 26.8164
-96.9411 26.1997
-96.9222 25.5605
-96.9187 23.5544
-96.9334 22.8349
-96.9563 22.1436
-97.0182 21.0161
-97.0125 21.0136
-96.2954 20.7961
-95.6102 20.682
-94.8511 20.5905
-94.2068 20.5255
-93.461 20.4573
-92.7828 20.3918
-92.1774 20.3338
-90.9099 20.2246
-90.2804 20.158
-89.6281 20.0821
-88.9783 20.0006
-88.2897 19.9188
-87.614 19.8647
-85.2369 19.7277
-82.4474 19.7309
-81.7426 19.7147
-80.9811 19.6902
-80.2889 19.6559
-79.5959 19.6413
-78.9234 19.6301
-78.2206 19.6114
-75.3262 19.4161
-74.7023 19.3573
-73.3776 19.2927
-71.9615 19.2622
-71.349 19.2695
-70.7219 19.2725
-70.0471 19.2725
-69.3563 19.268
-68.6754 19.2593
-68.0012 19.248
-67.3384 19.2596
-66.6603 19.2797
-66.0443 19.3004
-65.3718 19.3322
-64.0009 19.3915
-63.2322 19.4199
-62.5114 19.4418
-61.1994 19.4713
-60.5849 19.482
-59.9518 19.4937
-59.2774 19.5031
-58.5817 19.5106
-57.8508 19.5149
-57.1544 19.5146
-56.468 19.5101
-55.8517 19.4993
-55.237 19.4853
-53.9065 19.4369
-52.4451 19.3879
-51.7814 19.372
-51.1413 19.3508
-49.1485 19.3373
-48.5335 19.343
-47.8864 19.3398
-47.2089 19.3259
-37.9684 19.3836
-36.645 19.3147
-36.0117 19.2689
-35.2768 19.2035
-33.9399 19.0527
-33.2386 18.9797
-31.2024 18.8323
-30.5586 18.7805
-29.8963 18.726
-29.0823 18.6514
-28.4712 18.5964
-27.8068 18.5305
-27.0966 18.4463
-25.7851 18.2856
-25.0545 18.1925
-24.407 18.1075
-22.9989 17.9103
-21.7051 17.7085
-21.0841 17.6086
-21.0676 17.607
-20.784 15.4372
-20.7016 14.7349
-20.2153 11.1846
-20.0584 10.4341
-19.9292 9.81846
-19.7934 9.12631
-19.6591 8.43417
-19.3677 7.04113
-19.2008 6.33073
-18.7059 4.07792
-18.3838 2.72968
-17.3392 -0.643088
-17.2326 -0.995099
-17.2274 -0.995745
-16.5085 -1.00211
-15.8195 -1.02239
-15.1502 -1.06052
-14.4765 -1.11433
-13.6906 -1.14396
-12.2586 -1.19423
-11.5822 -1.23999
-10.9365 -1.27705
-10.1471 -1.30772
-9.4391 -1.34326
-8.82614 -1.37851
-8.15284 -1.42513
-7.47995 -1.47764
-6.81869 -1.51592
-6.13745 -1.55325
-5.49013 -1.59029
-4.81854 -1.63155
-4.1503 -1.67948
-3.32856 -1.73084
-2.62933 -1.77452
-1.98837 -1.79253
-1.25677 -1.80826
-0.63074 -1.82088
