8.97615 -1.4629
8.92251 -1.46941
8.88686 -1.47502
8.92582 -1.46938
8.89618 -1.47402
8.96599 -1.46061
8.88059 -1.48292
8.91906 -1.46984
8.90214 -1.47332
8.97981 -1.45342
8.87788 -1.4824
8.89447 -1.47375
8.91367 -1.47884
8.93435 -1.46374
8.91721 -1.46882
8.91659 -1.46948
9.00436 -1.45561
8.90008 -1.46583
8.97131 -1.46437
8.93682 -1.47024
8.96224 -1.4537
8.91063 -1.47789
8.9104 -1.47402
8.94855 -1.46038
8.86959 -1.47811
8.87159 -1.47731
8.88431 -1.47459
8.86264 -1.47844
8.88918 -1.47542
8.87858 -1.4814
8.90352 -1.47534
8.91674 -1.46865
8.9319 -1.46873
8.88918 -1.47542
8.86399 -1.48005
8.85711 -1.48389
8.93536 -1.4699
8.94119 -1.46803
8.89331 -1.47815
8.87747 -1.4782
8.94056 -1.47074
8.85625 -1.48149
8.93201 -1.4671
8.94435 -1.46465
8.93974 -1.47336
8.94792 -1.46187
8.89583 -1.47879
8.96661 -1.45978
8.93974 -1.47336
8.86682 -1.47872
8.88288 -1.47615
8.96784 -1.45951
8.87162 -1.4813
8.87858 -1.4814
8.89353 -1.47025
8.95197 -1.46479
8.93697 -1.46914
9.00777 -1.45594
8.96661 -1.45978
8.8835 -1.47719
8.93198 -1.46502
8.85625 -1.48149
8.91906 -1.46984
8.87264 -1.4788
8.94023 -1.45954
8.84546 -1.4878
8.93984 -1.4694
8.93984 -1.4694
8.90196 -1.47482
8.8522 -1.48978
8.86399 -1.48005
8.96661 -1.45978
8.93343 -1.46789
8.88918 -1.47542
8.87514 -1.48546
8.9014 -1.47977
8.87264 -1.4788
8.9446 -1.47147
8.91906 -1.46984
8.89798 -1.47422
9.05233 -1.44818
8.893 -1.47058
8.89379 -1.47315
8.92354 -1.47065
8.94435 -1.46465
8.84876 -1.47844
8.84979 -1.48395
8.91721 -1.46882
8.95111 -1.46742
8.91808 -1.4711
8.91906 -1.46984
8.93502 -1.46146
9.02623 -1.4541
8.89447 -1.47375
8.93271 -1.46664
8.86486 -1.48272
8.95338 -1.46175
8.9014 -1.47977
8.97655 -1.45465
8.90182 -1.47929
8.94119 -1.46803
8.87424 -1.47898
8.88461 -1.47245
8.86618 -1.47267
8.93343 -1.46789
9.00777 -1.45594
8.87708 -1.48074
8.90197 -1.46836
8.91989 -1.46651
8.8625 -1.47933
8.87424 -1.47898
8.96599 -1.46061
8.88419 -1.4782
8.9018 -1.46534
8.87138 -1.47633
8.89379 -1.47315
8.93326 -1.47101
8.94056 -1.47074
8.91287 -1.47077
8.86567 -1.47751
8.81728 -1.48776
8.90951 -1.46853
8.84922 -1.47971
8.89122 -1.4772
8.86959 -1.47811
8.88716 -1.4708
8.97615 -1.4629
8.96599 -1.46061
8.86734 -1.48072
9.04667 -1.4436
8.85896 -1.48822
8.85088 -1.48098
8.88059 -1.48292
9.07391 -1.44172
8.86031 -1.48297
8.89373 -1.47445
9.02623 -1.4541
8.93974 -1.47336
8.98221 -1.4622
8.88918 -1.47542
8.89192 -1.47573
8.88068 -1.4747
8.95377 -1.46448
8.95111 -1.46742
8.93819 -1.45622
8.96988 -1.45943
8.84979 -1.48395
8.97955 -1.46349
8.93727 -1.46387
8.96878 -1.458
8.87501 -1.47966
8.83403 -1.48207
8.89618 -1.47402
8.91367 -1.47184
8.93697 -1.46914
8.9103 -1.46399
8.89722 -1.4814
8.91989 -1.46651
8.86618 -1.47267
8.9513 -1.46703
8.89088 -1.47826
8.90352 -1.47534
8.86264 -1.47844
8.93746 -1.46732
8.96895 -1.46541
8.93745 -1.45981
8.91367 -1.47184
8.9014 -1.47977
8.87747 -1.4782
8.86734 -1.48072
8.82558 -1.49007
8.88082 -1.4774
8.93018 -1.47006
8.93608 -1.46194
8.8522 -1.48978
8.90635 -1.47558
8.92582 -1.46938
8.87924 -1.49203
8.91906 -1.46984
8.90635 -1.47558
8.94056 -1.47074
8.88461 -1.47245
8.81728 -1.48776
8.91793 -1.4662
8.87924 -1.49203
8.93608 -1.46194
8.87159 -1.47731
8.91721 -1.46882
8.92391 -1.47064
9.02532 -1.45134
8.96988 -1.45943
8.8886 -1.46722
8.84866 -1.48085
8.91659 -1.46948
8.88068 -1.4747
8.93499 -1.46532
8.94792 -1.46187
8.87747 -1.4782
8.89331 -1.47815
8.89613 -1.47896
8.94686 -1.46286
8.84979 -1.48395
8.89373 -1.47445
8.88101 -1.47846
8.9018 -1.46534
8.90196 -1.47482
8.91945 -1.47247
8.89353 -1.47025
8.97615 -1.4629
8.91367 -1.47184
8.89782 -1.47441
8.96801 -1.45626
8.86486 -1.48272
8.9348 -1.46876
8.86567 -1.47751
8.91091 -1.47784
8.88288 -1.47615
8.91769 -1.46916
8.99763 -1.46232
8.97129 -1.46186
8.87501 -1.47966
8.95197 -1.46479
8.92354 -1.47065
8.96806 -1.45718
8.89447 -1.47375
8.91019 -1.46708
8.94435 -1.46465
8.92794 -1.46955
8.89777 -1.4738
8.92794 -1.46955
8.87559 -1.4828
8.8886 -1.46722
8.91798 -1.47301
8.88408 -1.47587
8.93343 -1.46789
8.91721 -1.46882
8.96878 -1.458
8.92196 -1.47121
8.94119 -1.46803
8.89483 -1.47466
8.81728 -1.48776
8.94283 -1.47222
8.86144 -1.47462
8.92597 -1.46019
8.93271 -1.46664
8.88805 -1.47234
8.91568 -1.46388
8.90352 -1.47534
8.98245 -1.46058
8.85625 -1.48149
8.93502 -1.46146
8.87788 -1.4824
8.93201 -1.4671
8.87559 -1.4828
8.89099 -1.47049
8.93984 -1.4694
8.81728 -1.48776
8.87642 -1.48213
8.87655 -1.47146
8.80128 -1.48935
8.89331 -1.47815
8.85398 -1.48432
8.90635 -1.47558
8.91672 -1.4673
8.91808 -1.4711
8.9513 -1.46703
8.95111 -1.46742
8.89313 -1.47518
8.88646 -1.47922
8.93727 -1.46387
8.89782 -1.47441
8.86734 -1.48072
8.91906 -1.46984
8.94103 -1.46404
8.98245 -1.46058
8.88631 -1.47226
8.93974 -1.47336
9.03144 -1.44446
8.95377 -1.46448
8.88059 -1.48292
8.907 -1.47073
8.90352 -1.47534
8.93819 -1.45622
8.84922 -1.47971
8.88316 -1.47563
8.84546 -1.4878
8.94119 -1.46803
8.87924 -1.49203
8.86264 -1.47844
8.96878 -1.458
8.85896 -1.48822
8.89076 -1.47342
8.89192 -1.47573
8.92749 -1.4665
8.86144 -1.47462
8.9104 -1.47402
8.83699 -1.4887
8.85711 -1.48389
8.88262 -1.47631
8.89379 -1.47315
8.89036 -1.47569
