0.194627 0.0448725
0.20217 0.0361405
0.237256 0.0357226
0.233006 0.0418372
0.194627 0.0448725
0.207395 0.0331965
0.184421 0.0453689
0.233922 0.0465878
0.1793 0.0531792
0.19062 0.0568355
0.23275 0.0433321
0.18545 0.0416245
0.193431 0.0477311
0.206019 0.0253139
0.258966 0.0493656
0.209922 0.0405976
0.19062 0.0568355
0.194077 0.0472472
0.196881 0.0271146
0.189474 0.0420546
0.190942 0.0478995
0.260073 0.0489553
0.257189 0.0523712
0.258966 0.0493656
0.218324 0.0561374
0.202924 0.0519399
0.190174 0.0560952
0.206019 0.0253139
0.190284 0.0535176
0.258688 0.061059
0.217708 0.0486997
0.220107 0.00818874
0.20217 0.0361405
0.192102 0.031486
0.215232 0.0294742
0.205818 0.0475679
0.258966 0.0493656
0.194077 0.0472472
0.187039 0.0533463
0.198189 0.0407622
0.218324 0.0561374
0.203982 0.0384068
0.18766 0.0387789
0.189305 0.060393
0.189474 0.0420546
0.18766 0.0387789
0.202566 0.0498375
0.221621 0.0477509
0.187039 0.0533463
0.249278 0.0279721
0.17473 0.0395424
0.190755 0.0513781
0.198446 0.0254783
0.253636 0.0433436
0.196808 0.0310288
0.198189 0.0407622
0.166772 0.0597069
0.204517 0.0287108
0.1793 0.0531792
0.202924 0.0519399
0.18545 0.0416245
0.192696 0.048585
0.260073 0.0489553
0.181313 0.0273012
0.227043 0.0415177
0.205539 0.00999308
0.207125 0.0553055
0.194077 0.0472472
0.168145 0.0499552
0.202924 0.0519399
0.230613 0.0338781
0.207125 0.0553055
0.196735 0.0285687
0.230613 0.0338781
0.19135 0.0527128
0.217252 0.0322723
0.178999 0.0532163
0.177091 0.0365091
0.206019 0.0253139
0.20217 0.0361405
0.220383 0.066311
0.187039 0.0533463
0.230613 0.0338781
0.17498 0.0452637
0.190942 0.0478995
0.19135 0.0527128
0.190174 0.0560952
0.218324 0.0561374
0.215314 0.0364321
0.209388 0.0392107
0.215314 0.0364321
0.211455 0.0378368
0.217708 0.0486997
0.195342 0.0442822
0.196808 0.0310288
0.196735 0.0285687
0.206019 0.0253139
0.208733 0.0683692
0.217252 0.0322723
0.218324 0.0561374
0.184433 0.0572379
