13.067 14.8901 0
13.0382 14.8772 0
13.082 14.8914 0
12.8773 14.8462 0
13.0906 14.8914 0
13.0089 14.8644 0
12.9495 14.8544 0
12.9631 14.8761 0
12.958 14.8763 0
13.072 14.8843 0
13.0495 14.8844 0
13.0011 14.8672 0
12.9614 14.8666 0
13.033 14.8752 0
13.107 14.8958 0
13.069 14.8861 0
12.9446 14.8489 0
12.9854 14.856 0
13.037 14.8786 0
12.8773 14.8462 0
12.9201 14.8575 0
13.0266 14.873 0
12.9327 14.8511 0
12.9756 14.876 0
12.9961 14.8784 0
13.0209 14.8842 0
12.9154 14.8461 0
13.0092 14.8729 0
13.0014 14.8716 0
13.1015 14.8924 0
13.0266 14.873 0
13.0238 14.8829 0
12.9845 14.8782 0
13.1275 14.8845 0
13.0338 14.8846 0
12.9735 14.8718 0
13.2966 14.9258 1
12.9653 14.8672 0
12.8917 14.8461 0
12.8917 14.8461 0
13.0479 14.8899 0
13.0725 14.8961 0
13.0405 14.8793 0
13.082 14.8941 0
12.9207 14.8517 0
12.916 14.8627 0
13.0117 14.8862 0
12.97 14.864 0
13.0378 14.8753 0
12.9109 14.864 0
12.9383 14.8585 0
13.0269 14.8747 0
13.0214 14.8792 0
13.1688 14.909 0
13.0069 14.9024 0
13.1123 14.896 0
12.7704 14.827 2
12.8615 14.8382 0
12.9872 14.8618 0
13.0056 14.871 0
13.0645 14.8928 0
12.9101 14.8572 0
13.056 14.8857 0
12.9702 14.8767 0
13.0382 14.8772 0
12.9584 14.8638 0
12.9905 14.8749 0
13.2451 14.919 0
13.1862 14.9115 0
12.9806 14.8721 0
13.0479 14.8899 0
13.1146 14.8874 0
13.0069 14.9024 0
12.9787 14.8702 0
12.9687 14.868 0
12.9929 14.8671 0
13.0194 14.8714 0
13.0238 14.8612 0
13.1683 14.9067 0
13.0484 14.8879 0
12.9676 14.8666 0
12.9467 14.8686 0
12.9406 14.8647 0
12.988 14.8713 0
12.9438 14.8657 0
13.0303 14.8788 0
13.0234 14.884 0
13.0231 14.8826 0
12.9981 14.8756 0
12.9786 14.8795 0
13.0417 14.8858 0
12.942 14.8691 0
12.9466 14.8536 0
13.2281 14.9172 0
12.9503 14.875 0
13.0635 14.8823 0
12.9322 14.8835 0
12.8592 14.8465 0
13.0154 14.8798 0
12.9567 14.8657 0
13.0141 14.8761 0
13.0378 14.8753 0
13.0795 14.8855 0
12.9218 14.8431 0
12.996 14.8689 0
13.2392 14.9238 0
12.8752 14.8455 0
12.9922 14.8751 0
12.9905 14.8749 0
12.958 14.8763 0
13.0365 14.8852 0
13.0231 14.8826 0
13.0059 14.8806 0
13.1034 14.9018 0
13.1238 14.8778 0
13.0095 14.8689 0
13.0473 14.8862 0
12.9707 14.8703 0
13.0298 14.8802 0
12.9736 14.8628 0
12.9854 14.8701 0
13.1164 14.8912 0
13.0247 14.8675 0
13.029 14.8743 0
13.1015 14.8924 0
13.0094 14.8696 0
12.9906 14.8657 0
13.0112 14.8698 0
13.0595 14.8817 0
13.0599 14.8897 0
12.8781 14.8463 0
13.033 14.8752 0
13.1116 14.8788 0
13.0285 14.8861 0
12.964 14.8717 0
13.0172 14.8802 0
13.0713 14.8959 0
13.0635 14.8823 0
13.0273 14.8751 0
13.0007 14.8799 0
12.988 14.8713 0
13.0007 14.8799 0
12.851 14.8431 0
13.2813 14.9238 1
13.4093 14.9483 5
13.0429 14.8762 0
13.0406 14.8788 0
12.9379 14.8468 0
12.894 14.852 0
12.9749 14.8697 0
13.2246 14.921 0
13.0903 14.8993 0
12.9038 14.8509 0
13.0639 14.8805 0
12.9578 14.8532 0
12.9912 14.8688 0
13.0688 14.8937 0
12.8927 14.8523 0
13.0157 14.8657 0
13.0976 14.893 0
12.9397 14.8537 0
12.9381 14.8557 0
13.0435 14.8718 0
13.4093 14.9483 5
12.9154 14.8461 0
12.9691 14.8674 0
13.2281 14.9172 0
12.9786 14.864 0
12.9502 14.8691 0
13.2049 14.9212 0
12.9536 14.8679 0
12.964 14.8717 0
13.2513 14.9166 0
13.0705 14.8968 0
13.0795 14.8855 0
12.9919 14.8677 0
13.025 14.882 0
12.9382 14.8689 0
13.0905 14.9019 0
13.2566 14.9134 0
12.9786 14.864 0
12.8877 14.8566 0
13.0328 14.8977 0
12.9567 14.8657 0
13.0903 14.8993 0
13.0095 14.8689 0
13.034 14.8882 0
13.0632 14.8803 0
13.0095 14.8849 0
13.1352 14.9012 0
13.0059 14.8782 0
12.8591 14.8456 0
13.1547 14.9231 0
13.1421 14.8983 0
13.2219 14.917 0
13.037 14.8786 0
12.9906 14.8657 0
13.0665 14.8865 0
13.1755 14.9003 0
12.6242 14.8102 4
12.9411 14.8655 0
13.1145 14.883 0
13.0695 14.8911 0
13.2581 14.9304 0
13.0025 14.8636 0
12.8591 14.8456 0
12.9804 14.8662 0
13.1336 14.8966 0
13.0092 14.8727 0
13.0172 14.8802 0
13.0893 14.9029 0
12.9982 14.8727 0
12.9804 14.8662 0
12.9154 14.8461 0
13.1008 14.8917 0
12.9845 14.8782 0
13.0238 14.8829 0
12.8554 14.8366 0
13.1164 14.8912 0
12.8464 14.8391 0
12.9424 14.8673 0
12.9115 14.8586 0
13.0095 14.8849 0
13.0405 14.8793 0
13.0056 14.871 0
13.0521 14.8906 0
12.9168 14.8606 0
12.8129 14.8212 0
12.974 14.8645 0
13.1317 14.8992 0
13.2427 14.919 0
13.0143 14.8692 0
12.9011 14.8554 0
13.0394 14.8918 0
12.9201 14.8611 0
13.0154 14.8798 0
13.1842 14.9164 0
13.0877 14.8771 0
13.2219 14.917 0
12.9786 14.8795 0
13.0143 14.8692 0
12.9961 14.8784 0
13.0011 14.8672 0
12.9289 14.854 0
12.9349 14.8619 0
12.8834 14.8454 0
13.0382 14.9048 0
13.1089 14.8925 0
12.9286 14.8557 0
12.7704 14.827 2
12.9109 14.864 0
12.9833 14.8753 0
13.0092 14.8729 0
13.0209 14.8842 0
13.0092 14.8727 0
13.0025 14.8636 0
12.9806 14.8721 0
13.1549 14.9008 0
13.2382 14.9243 0
13.1755 14.9003 0
12.9854 14.856 0
13.0353 14.881 0
12.9879 14.866 0
13.0092 14.8729 0
13.118 14.8927 0
13.0243 14.8789 0
13.0424 14.8878 0
12.8866 14.8531 0
13.0465 14.8869 0
12.9787 14.8702 0
13.187 14.8967 0
13.1558 14.9069 0
12.7674 14.8253 2
13.0105 14.8793 0
12.8921 14.844 0
13.0157 14.8657 0
13.0532 14.889 0
13.0107 14.8913 0
13.0292 14.8786 0
13.0763 14.8987 0
12.942 14.8691 0
13.1733 14.9081 0
12.9498 14.8777 0
13.011 14.8791 0
12.9879 14.866 0
12.9757 14.8731 0
13.1621 14.9068 0
12.9786 14.864 0
13.0069 14.9024 0
12.9822 14.8674 0
12.9615 14.8694 0
12.9676 14.8666 0
12.9286 14.8557 0
12.9419 14.8687 0
13.0579 14.8849 0
13.0429 14.8752 0
12.9981 14.8756 0
13.0541 14.8649 0
12.9168 14.8634 0
13.0289 14.8829 0
13.0334 14.8759 0
12.9228 14.8577 0
13.0403 14.8772 0
13.1888 14.9012 0
13.0906 14.8914 0
12.9982 14.8727 0
13.0373 14.8793 0
13.0945 14.8883 0
13.1204 14.8937 0
13.0266 14.873 0
13.0238 14.8786 0
13.1357 14.9037 0
12.9958 14.8667 0
12.9879 14.866 0
12.9421 14.8671 0
13.0209 14.8842 0
13.2425 14.9252 0
13.0564 14.8819 0
12.988 14.8713 0
13.0059 14.8782 0
13.0429 14.8752 0
12.8262 14.8368 0
13.2451 14.9085 0
13.0147 14.8812 0
12.7592 14.8284 2
13.0563 14.8752 0
13.2392 14.9238 0
12.9933 14.8579 0
13.1195 14.889 0
13.0011 14.8672 0
12.9833 14.8753 0
13.0773 14.885 0
12.9786 14.8795 0
12.9102 14.8501 0
13.0424 14.8878 0
12.9417 14.8635 0
12.9296 14.8712 0
12.9886 14.8767 0
13.0429 14.8752 0
12.9768 14.8543 0
13.0059 14.8806 0
12.9702 14.8767 0
13.0378 14.8753 0
12.9754 14.876 0
12.9963 14.8809 0
13.028 14.884 0
13.1357 14.9037 0
13.0767 14.8917 0
12.9294 14.8672 0
12.8615 14.8382 0
13.0579 14.891 0
12.9808 14.8637 0
13.1033 14.891 0
12.9228 14.874 0
13.0247 14.8675 0
13.0713 14.8959 0
12.8869 14.8477 0
12.974 14.8645 0
13.141 14.9141 0
13.0845 14.8971 0
12.9564 14.8501 0
13.0049 14.8731 0
13.0089 14.8644 0
12.9411 14.8655 0
13.0404 14.8808 0
12.9168 14.8634 0
13.0018 14.8542 0
12.8591 14.8456 0
12.7177 14.8115 3
12.9676 14.8666 0
12.9476 14.8675 0
12.9838 14.8784 0
13.0105 14.8793 0
12.9933 14.8579 0
13.2966 14.9258 1
13.0902 14.8876 0
13.0491 14.8866 0
12.9079 14.8567 0
13.156 14.9175 0
13.0511 14.8845 0
12.9783 14.887 0
13.1336 14.8966 0
13.037 14.8786 0
12.9015 14.8653 0
13.0989 14.8839 0
13.0313 14.8755 0
12.9421 14.8671 0
13.2321 14.9124 0
12.9653 14.8565 0
12.9958 14.8667 0
12.9081 14.8619 0
12.9218 14.8431 0
13.1146 14.8874 0
13.067 14.8901 0
13.0056 14.881 0
13.0453 14.8714 0
13.0313 14.8755 0
13.0059 14.8806 0
12.9664 14.8683 0
13.1195 14.889 0
13.218 14.9091 0
12.9015 14.8653 0
13.0599 14.8897 0
13.0708 14.8776 0
13.0056 14.881 0
13.0933 14.8866 0
13.1336 14.8966 0
13.0655 14.8811 0
13.0866 14.8839 0
13.0318 14.8894 0
12.9577 14.8641 0
13.1755 14.9003 0
13.1421 14.8983 0
12.9824 14.8778 0
13.0382 14.8772 0
12.9641 14.8714 0
12.8811 14.8519 0
13.082 14.8941 0
12.9536 14.8679 0
12.9477 14.8594 0
12.8515 14.8526 0
12.934 14.8656 0
12.8781 14.8463 0
13.0131 14.8819 0
13.0779 14.8885 0
13.0014 14.8716 0
12.9961 14.8784 0
13.0495 14.8844 0
13.0007 14.8799 0
12.8129 14.8212 0
13.1194 14.8939 0
12.9402 14.8605 0
13.1326 14.8931 0
13.0318 14.8761 0
12.9043 14.851 0
12.8859 14.8444 0
13.0316 14.8828 0
13.0338 14.8846 0
13.1233 14.887 0
12.9929 14.8671 0
13.0403 14.8772 0
12.9829 14.8667 0
12.9721 14.8648 0
13.0247 14.8675 0
12.9327 14.8511 0
12.9228 14.8466 0
13.1119 14.8944 0
12.9495 14.8544 0
12.9982 14.8727 0
13.029 14.8743 0
13.0431 14.8985 0
13.0541 14.8649 0
13.069 14.8861 0
13.0713 14.8959 0
13.2011 14.93 0
12.9787 14.875 0
12.9833 14.8753 0
12.8207 14.8419 0
13.0318 14.8761 0
13.0783 14.895 0
13.0511 14.8845 0
13.0417 14.8858 0
13.0167 14.8752 0
12.9719 14.8733 0
13.0645 14.8928 0
13.1358 14.9045 0
12.9763 14.8688 0
13.01 14.885 0
13.1065 14.8876 0
12.9972 14.8684 0
12.9719 14.8724 0
13.0964 14.8894 0
12.9872 14.8618 0
13.1162 14.8856 0
13.1119 14.8944 0
12.9172 14.8601 0
13.0403 14.8789 0
12.9076 14.8577 0
12.9707 14.8703 0
12.9274 14.8532 0
13.0779 14.8885 0
12.9166 14.8492 0
12.9917 14.8689 0
12.8446 14.84 0
12.9929 14.8671 0
12.894 14.852 0
13.0098 14.8813 0
12.7636 14.831 2
13.4093 14.9483 5
13.0485 14.8879 0
13.0713 14.8959 0
12.9664 14.8683 0
12.9719 14.8724 0
13.011 14.8791 0
13.0852 14.8879 0
13.1033 14.891 0
13.0269 14.8747 0
12.994 14.882 0
13.1317 14.8992 0
12.958 14.8763 0
13.0094 14.8696 0
12.9163 14.8618 0
13.0056 14.871 0
12.9035 14.849 0
13.0341 14.8759 0
12.936 14.851 0
13.1524 14.9114 0
12.9786 14.8795 0
12.9734 14.8644 0
12.9676 14.8666 0
13.0143 14.8692 0
13.0209 14.8842 0
12.945 14.8657 0
13.0729 14.8861 0
13.029 14.8743 0
13.336 14.9243 1
13.037 14.8786 0
12.9274 14.8532 0
13.0453 14.8714 0
12.8404 14.8359 0
12.9845 14.8782 0
12.8963 14.8377 0
13.0503 14.8736 0
13.1273 14.8969 0
12.942 14.8691 0
12.9101 14.8572 0
13.1197 14.8954 0
13.3101 14.9304 1
12.9286 14.8618 0
12.9972 14.8684 0
12.9501 14.8683 0
13.0644 14.8776 0
13.1081 14.9024 0
13.1939 14.9083 0
13.0689 14.8993 0
12.9886 14.8767 0
13.0729 14.8861 0
13.0405 14.8793 0
12.9296 14.8712 0
12.8927 14.8523 0
12.9595 14.8751 0
13.082 14.8941 0
13.0599 14.8897 0
12.9684 14.8726 0
12.9477 14.8594 0
13.0566 14.8972 0
13.0453 14.8714 0
12.9772 14.8769 0
13.0689 14.8993 0
13.0452 14.8826 0
13.0057 14.8786 0
13.1001 14.8998 0
12.9503 14.875 0
12.9676 14.8666 0
12.9919 14.8677 0
13.025 14.882 0
13.0049 14.8731 0
13.0095 14.8849 0
13.1207 14.8937 0
12.8866 14.8531 0
13.0094 14.8696 0
13.0583 14.889 0
12.9915 14.8764 0
13.0452 14.8826 0
13.0774 14.89 0
12.8869 14.8477 0
12.9567 14.8657 0
12.8404 14.8339 0
13.0151 14.8691 0
13.0049 14.8731 0
13.1317 14.8992 0
13.0795 14.8855 0
13.0157 14.8657 0
13.0713 14.8959 0
12.9915 14.8764 0
12.8262 14.8368 0
12.9829 14.8667 0
13 14.8685 0
12.9987 14.8821 0
13.1439 14.8813 0
13.0665 14.8865 0
13.0338 14.8846 0
13.0151 14.8791 0
12.9787 14.875 0
12.9446 14.8742 0
12.9446 14.8489 0
12.9336 14.8674 0
12.9286 14.8557 0
12.9218 14.8431 0
12.9539 14.8749 0
12.8909 14.8514 0
12.9446 14.8742 0
13.0655 14.8811 0
12.9536 14.8679 0
13.4093 14.9483 5
13.0429 14.8762 0
13.0783 14.895 0
12.9421 14.8671 0
12.9408 14.8669 0
13.037 14.8786 0
13.0566 14.8972 0
13.029 14.8743 0
13.0665 14.8865 0
12.9043 14.851 0
12.9228 14.874 0
13.0566 14.8972 0
12.7674 14.8253 2
12.9102 14.8501 0
13.0151 14.8691 0
12.9772 14.8769 0
13.0238 14.8829 0
12.9684 14.8726 0
13.025 14.882 0
13.0748 14.8931 0
13.1538 14.9095 0
12.9997 14.8791 0
12.9584 14.8638 0
12.9163 14.8618 0
13.0473 14.8862 0
13.0285 14.8861 0
12.9719 14.8724 0
13.067 14.8901 0
12.9684 14.8726 0
12.9621 14.867 0
12.8743 14.8517 0
13.0779 14.8885 0
13.0905 14.9019 0
13.034 14.9024 0
12.9884 14.8619 0
13.0559 14.8825 0
13.037 14.8786 0
13.1461 14.9092 0
12.899 14.8503 0
13.0189 14.8731 0
12.8615 14.8382 0
13.0491 14.8866 0
13.0045 14.8822 0
12.9294 14.8672 0
13.0431 14.8985 0
12.8614 14.8549 0
13.0154 14.8798 0
12.9687 14.868 0
12.9218 14.8431 0
12.9917 14.8689 0
13.082 14.8914 0
12.9963 14.8809 0
13.1268 14.9091 0
12.9037 14.8388 0
12.9878 14.8644 0
13.0763 14.8965 0
12.9833 14.8753 0
13.046 14.8733 0
13.1964 14.9048 0
13.1089 14.8925 0
13.0996 14.9029 0
13.0266 14.873 0
12.8612 14.8489 0
12.9101 14.8572 0
12.9567 14.8657 0
13.0903 14.8993 0
12.974 14.8645 0
13.0056 14.881 0
12.9554 14.8602 0
12.9958 14.8702 0
13.0117 14.8862 0
13.1251 14.8946 0
13.1592 14.9105 0
13.0018 14.8542 0
12.9707 14.8703 0
13.0404 14.8808 0
12.9921 14.8675 0
12.9325 14.8638 0
12.899 14.8503 0
13.0734 14.8906 0
12.9687 14.868 0
12.97 14.864 0
13.2337 14.9194 0
13.0989 14.8839 0
12.9878 14.8644 0
13.1321 14.896 0
13.0705 14.8968 0
12.9163 14.8618 0
13.0576 14.8819 0
12.9734 14.8644 0
12.9201 14.8575 0
13.0541 14.8649 0
13.0021 14.8705 0
12.9981 14.8766 0
13.1015 14.8924 0
13.033 14.8752 0
12.9707 14.8703 0
12.9458 14.8646 0
12.9917 14.8689 0
12.9074 14.8626 0
12.9406 14.8647 0
13.0298 14.8802 0
13.0018 14.8542 0
12.8326 14.8367 0
13.0725 14.8961 0
13.1148 14.8919 0
12.9756 14.876 0
13.037 14.8786 0
13.0732 14.8825 0
12.9163 14.8618 0
13.0945 14.8883 0
13.0157 14.8657 0
13.1964 14.9048 0
13.0519 14.8917 0
12.9574 14.8681 0
13.0238 14.8786 0
13.0484 14.8879 0
12.9753 14.8671 0
13.1965 14.9122 0
13.0418 14.8728 0
13.0117 14.8862 0
13.0094 14.8727 0
12.9804 14.8662 0
13.0456 14.8735 0
12.9921 14.8743 0
13.0654 14.8926 0
12.9477 14.8594 0
13.033 14.8752 0
12.9501 14.8683 0
12.8864 14.8544 0
13.0665 14.8865 0
13.0353 14.881 0
12.9763 14.8688 0
12.9168 14.8606 0
13.0592 14.8842 0
13.1688 14.909 0
13.0151 14.8791 0
