0.810435 12.8675
0.751515 12.7996
0.860309 12.8726
0.785154 12.8023
0.814875 12.8298
0.772181 12.8112
0.808714 12.8648
0.843939 12.8566
0.812641 12.8634
0.769922 12.824
0.821389 12.8514
0.799635 12.8398
0.772213 12.814
0.744548 12.797
0.797706 12.8188
0.828019 12.8343
0.753855 12.8095
0.808478 12.8488
0.769922 12.824
0.761634 12.8415
0.817357 12.869
0.827141 12.8402
0.74633 12.8103
0.794431 12.8192
0.803297 12.8759
0.833805 12.8945
0.86745 12.8799
0.868133 12.897
0.86317 12.884
0.766609 12.8563
0.737345 12.768
0.826299 12.8603
0.800432 12.8322
0.792283 12.7866
0.86317 12.884
0.818728 12.8623
0.815186 12.8676
0.818319 12.8492
0.79067 12.8337
0.782561 12.8146
0.837241 12.8431
0.861072 12.8597
0.838146 12.849
0.797706 12.8188
0.788212 12.836
0.735164 12.8176
0.797806 12.8321
0.733335 12.8144
0.773858 12.8297
0.725403 12.7915
0.868643 12.8463
0.724536 12.7288
0.848089 12.8763
0.867363 12.8866
0.772181 12.8112
0.697603 12.7606
0.848322 12.898
0.774434 12.8495
0.779952 12.8065
0.851306 12.8626
0.813492 12.8711
0.790047 12.824
0.835125 12.8407
0.751277 12.8006
0.781059 12.8393
0.815186 12.8676
0.811035 12.835
0.820184 12.8372
0.82963 12.8742
0.806229 12.8448
0.830021 12.8661
0.841456 12.8597
0.808739 12.8075
0.773858 12.8297
0.839317 12.8464
0.761634 12.8415
0.855348 12.8519
0.820184 12.8372
0.751277 12.8006
0.761533 12.7955
0.833967 12.8312
0.728377 12.8072
0.78868 12.8466
0.732458 12.7842
0.827141 12.8402
0.732458 12.7842
0.808478 12.8488
0.819475 12.8662
0.794145 12.835
0.828478 12.8401
0.801595 12.8085
0.780204 12.8118
0.820302 12.8415
0.821301 12.8468
0.823453 12.8776
0.786282 12.8139
0.744074 12.7925
0.810358 12.8616
0.810812 12.829
0.832149 12.872
0.858381 12.8904
0.792584 12.8257
0.854476 12.8515
0.839317 12.8464
0.820302 12.8415
0.79062 12.81
0.80335 12.8493
0.825862 12.8644
0.739248 12.789
0.848089 12.8763
0.845431 12.8772
0.805871 12.8407
0.733335 12.8144
0.808514 12.8446
0.769582 12.7983
0.805909 12.8303
0.828337 12.8363
0.756901 12.7948
0.793989 12.8078
0.867563 12.8465
0.785154 12.8023
0.79156 12.808
0.803767 12.8519
0.788651 12.8486
0.827195 12.8385
0.801154 12.8204
0.763296 12.8182
0.774946 12.8377
0.797706 12.8188
0.770658 12.8431
0.837614 12.8816
0.764167 12.8088
0.748722 12.7956
0.766545 12.8468
0.777807 12.8214
0.868133 12.897
0.78061 12.8265
0.81566 12.8843
0.806266 12.8479
0.789484 12.8218
0.792584 12.8257
0.826481 12.865
0.780531 12.8106
0.837046 12.8576
0.764281 12.8194
0.819249 12.835
0.794145 12.835
0.826697 12.8498
0.801039 12.8522
0.781265 12.8209
0.764079 12.78
0.794984 12.8559
0.810326 12.8442
0.778151 12.7854
0.899908 12.885
0.843459 12.8659
0.828784 12.8489
0.814875 12.8298
0.788748 12.8344
0.683481 12.7453
0.818728 12.8623
0.836092 12.8951
0.796711 12.8556
0.800432 12.8322
0.80044 12.8699
0.792584 12.8257
0.764893 12.8276
0.787265 12.8556
0.840409 12.865
0.817543 12.8522
0.845197 12.8444
0.854247 12.9235
0.800958 12.8555
0.781059 12.8393
0.78061 12.8265
0.874549 12.9011
0.819475 12.8662
0.825862 12.8644
0.861715 12.8802
0.836092 12.8951
0.785352 12.849
0.836092 12.8951
0.7935 12.841
0.697603 12.7606
0.832149 12.872
0.772701 12.8183
0.797806 12.8321
0.837241 12.8431
0.861001 12.8734
0.779505 12.8242
0.781265 12.8209
0.766234 12.8127
0.791139 12.8594
0.839317 12.8464
0.781146 12.7839
0.844798 12.9035
0.815186 12.8676
0.760272 12.8145
0.78559 12.8331
0.78559 12.8331
0.841456 12.8597
0.857082 12.8856
0.860309 12.8726
0.77038 12.8213
0.744548 12.797
0.848434 12.8447
0.828703 12.8641
0.781662 12.8161
0.866974 12.8959
0.854476 12.8515
0.779363 12.8163
0.841981 12.8731
0.785435 12.8516
0.81566 12.8843
0.815186 12.8676
0.774512 12.8556
0.792584 12.8257
0.819728 12.8328
0.799635 12.8398
0.779363 12.8163
0.841408 12.8892
0.806353 12.8422
0.776679 12.8362
0.851249 12.8973
0.777807 12.8214
0.705922 12.775
0.783826 12.8058
0.867001 12.8988
0.739814 12.7916
0.841981 12.8731
0.76694 12.8083
0.828703 12.8641
0.843939 12.8566
0.865918 12.9112
0.813043 12.8597
0.788212 12.836
0.791136 12.8562
0.76683 12.8282
0.810812 12.829
0.846027 12.8444
0.813492 12.8711
0.786897 12.8604
0.761533 12.7955
0.788833 12.7956
0.807873 12.8401
0.822844 12.8811
0.833143 12.8882
0.781481 12.8375
0.871504 12.9043
0.857082 12.8856
0.78868 12.8466
0.786349 12.8838
0.759671 12.8103
0.748722 12.7956
0.726474 12.7858
0.798733 12.8427
0.793743 12.8322
0.843349 12.8833
0.826299 12.8603
0.788212 12.836
0.78061 12.8265
0.81113 12.8343
0.821311 12.8552
0.764281 12.8194
0.804567 12.8466
0.797557 12.7933
0.807873 12.8401
0.713337 12.7666
0.767063 12.8204
0.843459 12.8659
0.820184 12.8372
0.825113 12.8343
0.83124 12.8455
0.794431 12.8192
0.818728 12.8623
0.77038 12.8213
0.820704 12.8551
0.857035 12.8792
0.882532 12.8925
0.808714 12.8648
0.837241 12.8431
0.736229 12.7794
0.768536 12.795
0.763431 12.8065
0.778151 12.7854
0.799635 12.8398
0.820302 12.8415
0.772181 12.8112
0.734497 12.8066
0.823338 12.8597
0.798733 12.8427
0.801078 12.8048
0.807961 12.8303
0.848893 12.8923
0.819728 12.8328
0.78174 12.8268
0.806229 12.8448
0.733104 12.7791
0.79067 12.8337
0.827141 12.8402
0.841267 12.8851
0.793887 12.8579
0.806229 12.8448
0.808785 12.834
0.79067 12.8337
0.736464 12.7972
0.84291 12.8409
0.808514 12.8446
0.821301 12.8468
0.855348 12.8519
0.740503 12.7877
0.78174 12.8268
0.868133 12.897
0.732458 12.7842
0.787034 12.8176
0.735164 12.8176
0.819088 12.8401
0.783086 12.8421
0.789978 12.8237
0.851249 12.8973
0.808739 12.8075
0.829474 12.862
0.734863 12.7509
0.866974 12.8959
0.807961 12.8303
0.806229 12.8448
0.781662 12.8161
0.804567 12.8466
0.725403 12.7915
0.794145 12.835
0.819475 12.8662
0.785776 12.8335
0.780891 12.8418
0.850213 12.8602
0.781481 12.8375
0.787265 12.8556
0.785154 12.8023
0.789484 12.8218
0.833967 12.8312
0.835838 12.8699
0.815186 12.8676
0.767063 12.8204
0.81645 12.831
0.819235 12.8747
0.799635 12.8398
0.838504 12.8727
0.79062 12.81
0.802418 12.8614
0.76986 12.8011
0.81566 12.8843
0.802831 12.8713
0.805909 12.8303
0.835125 12.8407
0.781059 12.8393
0.782735 12.815
0.768536 12.795
0.813492 12.8711
0.863975 12.9061
0.793433 12.82
0.808941 12.8481
0.808711 12.8239
0.799059 12.8207
0.829474 12.862
0.785248 12.7953
0.737279 12.7995
0.835838 12.8699
0.805446 12.8222
0.818728 12.8623
0.821301 12.8468
0.818728 12.8623
0.78061 12.8265
0.73838 12.8457
0.868133 12.897
0.784622 12.8787
0.820239 12.823
0.798733 12.8427
0.807143 12.8408
0.765022 12.8147
0.851948 12.902
0.780104 12.8223
0.851198 12.9123
0.795331 12.8331
0.803767 12.8519
0.790047 12.824
0.769789 12.793
0.81238 12.8618
0.785493 12.8292
0.752419 12.8228
0.794984 12.8559
0.833143 12.8882
0.827141 12.8402
0.836864 12.8893
0.773815 12.8284
0.86317 12.884
0.807873 12.8401
0.807143 12.8408
0.816958 12.8304
0.847272 12.8541
0.770658 12.8431
0.804564 12.8358
0.828784 12.8489
0.86317 12.884
0.771127 12.8513
0.655009 12.7353
0.79062 12.81
0.818319 12.8492
0.820704 12.8551
0.851306 12.8626
0.844237 12.8562
0.802521 12.8382
0.769789 12.793
0.807143 12.8408
0.799635 12.8398
0.795331 12.8331
0.821311 12.8552
0.841981 12.8731
0.812596 12.8332
0.773858 12.8297
0.843459 12.8659
0.804564 12.8358
0.813378 12.88
0.765022 12.8147
0.800919 12.8509
0.817823 12.8674
0.833805 12.8945
0.792584 12.8257
0.834903 12.8895
0.770658 12.8431
0.798733 12.8427
0.814875 12.8298
0.796915 12.8247
0.735164 12.8176
0.768775 12.8245
0.769922 12.824
0.803767 12.8519
0.808711 12.8239
0.799881 12.8715
0.761533 12.7955
0.768536 12.795
0.812857 12.8437
0.860309 12.8726
0.858195 12.8785
0.796745 12.8398
0.813492 12.8711
0.848003 12.8947
0.702916 12.746
0.821344 12.855
0.737279 12.7995
0.820142 12.8872
0.794566 12.8419
0.837241 12.8431
0.808478 12.8488
0.793674 12.8375
0.843088 12.8642
0.822844 12.8811
0.806176 12.8648
0.761995 12.8182
0.773491 12.8125
0.772487 12.8331
0.835873 12.8478
0.801595 12.8085
0.79067 12.8337
0.718822 12.7737
0.823453 12.8776
0.737279 12.7995
0.73838 12.8457
0.777127 12.8584
0.753938 12.8297
0.817357 12.869
0.811035 12.835
0.82963 12.8742
0.765022 12.8147
0.820302 12.8415
0.806229 12.8448
0.815118 12.8602
0.751515 12.7996
0.78061 12.8265
0.843939 12.8566
0.792584 12.8257
0.753855 12.8095
0.800196 12.8695
0.837614 12.8816
0.780204 12.8118
0.788833 12.7956
0.833889 12.8909
0.807873 12.8401
0.866974 12.8959
0.748722 12.7956
0.759671 12.8103
0.770468 12.8359
0.781265 12.8209
0.880528 12.9439
0.773815 12.8284
0.793887 12.8579
0.787265 12.8556
0.772181 12.8112
0.780891 12.8418
0.797806 12.8321
0.783615 12.7923
0.838146 12.849
0.737279 12.7995
0.845431 12.8772
0.81994 12.8822
0.82963 12.8742
0.83124 12.8455
0.768036 12.8061
0.847569 12.8679
0.84291 12.8409
0.843088 12.8642
0.847569 12.8679
0.731198 12.7775
0.755084 12.8097
0.809155 12.8392
0.739248 12.789
0.764281 12.8194
0.803541 12.8384
0.803207 12.8562
0.840409 12.865
0.855708 12.8822
0.825657 12.8944
0.78868 12.8466
0.772213 12.814
0.837046 12.8576
0.844237 12.8562
0.815186 12.8676
0.764281 12.8194
0.817357 12.869
0.803207 12.8562
0.734863 12.7509
0.782561 12.8146
0.755721 12.8048
0.774364 12.8184
0.761533 12.7955
0.847272 12.8541
0.796745 12.8398
0.827467 12.8514
0.820184 12.8372
0.817823 12.8674
0.855238 12.877
0.882532 12.8925
0.756286 12.8241
0.7935 12.841
0.726653 12.8286
0.781619 12.8344
0.822844 12.8811
0.801925 12.8701
0.732458 12.7842
0.840409 12.865
0.779363 12.8163
0.868643 12.8463
0.841456 12.8597
0.819475 12.8662
0.781146 12.7839
0.801078 12.8048
0.830021 12.8661
0.788651 12.8486
0.839317 12.8464
0.784622 12.8787
0.799635 12.8398
0.800153 12.8615
0.854184 12.8923
0.839317 12.8464
0.79062 12.81
0.785352 12.849
0.76447 12.8392
0.786282 12.8139
0.822983 12.8625
0.875591 12.8761
0.765596 12.8233
0.875591 12.8761
0.79067 12.8337
0.748722 12.7956
0.797706 12.8188
0.728377 12.8072
0.808739 12.8075
0.803207 12.8562
0.766234 12.8127
0.828923 12.9122
0.794984 12.8559
0.821311 12.8552
0.760272 12.8145
0.81645 12.831
0.782561 12.8146
0.785957 12.8097
0.769582 12.7983
0.802521 12.8382
0.799635 12.8398
0.792388 12.8491
0.773815 12.8284
0.790047 12.824
0.839317 12.8464
0.808785 12.834
0.753938 12.8297
0.781613 12.8331
0.789484 12.8218
0.788748 12.8344
0.857751 12.9192
0.801205 12.8616
0.798616 12.8557
0.844237 12.8562
0.841958 12.8417
