18.5286 7.28675 1
18.4788 7.514 1
18.5442 7.18466 1
18.4955 7.47326 1
18.5148 7.39921 1
18.4997 7.34753 1
18.5339 7.21833 1
18.5194 7.29197 1
18.5537 7.18234 1
18.5419 7.14141 1
18.5211 7.25697 1
18.514 7.36814 1
18.5151 7.34952 1
18.5354 7.18639 1
18.5171 7.2854 1
18.5635 7.14214 1
18.5174 7.29437 1
18.5525 7.176 1
18.5131 7.27345 1
18.5326 7.15813 1
18.5515 7.17997 1
18.469 7.54985 1
18.5233 7.26364 1
18.5359 7.22637 1
18.4925 7.41991 1
18.4992 7.37667 1
18.5445 7.18446 1
18.4958 7.39188 1
18.5337 7.23585 1
18.5432 7.14168 1
18.5126 7.38841 1
18.5359 7.22637 1
18.4952 7.38494 1
18.5559 7.15965 1
18.4878 7.51228 1
18.4736 7.51417 1
18.511 7.42733 1
18.5231 7.27567 1
18.5129 7.41169 1
18.5112 7.34265 1
18.5256 7.25198 1
18.5126 7.38841 1
18.4991 7.35339 1
18.6143 6.77913 1
18.5174 7.29834 1
18.4524 7.71498 1
18.5154 7.39396 1
18.5177 7.31999 1
18.5117 7.41917 1
18.5127 7.39328 0
18.5471 7.13561 0
18.4958 7.41484 0
18.5108 7.27867 0
18.5392 7.13559 0
18.5442 7.18466 0
18.4879 7.44681 0
18.5044 7.37318 0
18.5229 7.31515 0
18.5562 7.10271 0
18.507 7.34676 0
18.5056 7.30267 0
18.5374 7.14166 0
18.5475 7.07473 0
18.5077 7.33566 0
18.5387 7.11479 0
18.5127 7.35698 0
18.5462 7.20931 0
18.4943 7.44092 0
18.5636 7.04334 0
18.5403 7.15855 0
18.5408 7.19606 0
18.5274 7.31095 0
18.5193 7.3156 0
18.5337 7.23585 0
18.5402 7.21764 0
18.4939 7.40503 0
18.5188 7.40241 0
18.4668 7.58685 0
18.5317 7.27237 0
18.5594 7.08642 0
18.5176 7.30923 0
18.557 7.10149 0
18.5339 7.23397 0
18.5129 7.32663 0
18.4956 7.36256 0
18.5171 7.2854 0
18.5114 7.33739 0
18.5178 7.35246 0
18.5044 7.37318 0
18.5176 7.30923 0
18.5019 7.37857 0
18.5422 7.11608 0
18.5554 7.09587 0
18.5034 7.41261 0
18.5236 7.34506 0
18.5067 7.30126 0
18.585 6.92133 0
18.4863 7.4653 0
18.5079 7.3527 0
18.559 7.09146 0
18.5799 6.87497 0
18.5317 7.22003 0
18.5545 7.05355 0
18.5177 7.32969 0
18.4208 7.71633 0
18.4946 7.35447 0
18.4855 7.44627 0
18.5507 7.08165 0
18.528 7.21517 0
18.5471 7.13561 0
18.5208 7.26813 0
18.526 7.29601 0
18.4897 7.48639 0
18.5575 7.11407 0
18.5708 7.03416 0
18.4273 7.68875 0
18.5305 7.21973 0
18.5095 7.36945 0
18.4844 7.4759 0
18.4966 7.47204 0
18.4992 7.37667 0
18.5317 7.27237 0
18.473 7.55458 0
18.476 7.53064 0
18.4611 7.62809 0
18.4908 7.42846 0
18.4899 7.43756 0
18.552 7.09351 0
18.564 7.01129 0
18.5172 7.31027 0
18.4806 7.48391 0
18.5077 7.30999 0
18.5333 7.21772 0
18.5879 6.87327 0
18.4892 7.46181 0
18.5164 7.34184 0
18.5638 7.05895 0
18.4899 7.43756 0
18.5551 7.08517 1
18.5336 7.18887 1
18.5382 7.1836 1
18.5245 7.26926 1
18.5173 7.42313 1
18.5169 7.24134 1
18.5482 7.18922 1
18.5946 6.81338 1
18.5129 7.32663 1
18.5591 7.13119 1
18.49 7.4331 1
18.4959 7.4241 1
18.5168 7.35151 1
18.6132 6.77112 1
18.5171 7.3721 1
18.5129 7.43134 1
18.4378 7.72816 1
18.4633 7.64326 1
18.5862 6.84576 1
18.4864 7.45536 1
18.5533 7.12236 1
18.5273 7.21879 1
18.5116 7.38149 1
18.5173 7.31812 1
18.5185 7.25361 1
18.5126 7.33617 1
18.5284 7.21888 1
18.535 7.21754 1
18.4855 7.44627 1
18.5129 7.43134 1
18.4668 7.53171 1
18.492 7.4118 1
18.5519 7.1498 1
18.5127 7.35698 1
18.6155 6.75437 1
18.4661 7.6245 1
18.5383 7.18272 1
18.4925 7.41229 1
18.49 7.4331 1
18.4916 7.43298 1
18.5159 7.44449 1
18.5679 7.17633 1
18.5179 7.29698 1
18.5282 7.1865 1
18.6134 6.81769 1
18.5111 7.37919 1
18.5132 7.3368 1
18.5391 7.21424 1
18.5286 7.24987 1
18.5817 6.91415 1
18.5712 6.95356 1
18.4587 7.62418 1
18.5339 7.23397 1
18.5174 7.29834 1
18.4661 7.6245 1
18.5115 7.36162 1
18.5517 7.18165 1
18.4924 7.43741 1
18.4964 7.41163 1
18.5114 7.31383 1
18.5117 7.32631 1
18.4526 7.71345 1
18.5196 7.397 1
18.4897 7.49813 1
18.571 6.94835 1
18.5129 7.31425 1
18.5519 7.14148 1
18.5388 7.19858 1
18.5168 7.3292 1
18.4575 7.6316 1
18.5137 7.29165 1
18.5495 7.19311 1
18.5177 7.32969 1
18.4946 7.35447 1
18.4962 7.39312 1
18.5312 7.225 1
18.5312 7.17519 1
18.5284 7.2682 1
18.5564 7.11576 1
18.4875 7.39629 1
18.5115 7.34315 1
18.476 7.55659 1
18.5177 7.32969 1
18.5416 7.13176 1
18.5284 7.2682 1
18.4617 7.54293 1
18.5191 7.27789 1
18.4937 7.44157 1
18.5134 7.34488 1
18.4935 7.4153 1
18.5615 7.16717 1
18.5497 7.17659 1
18.4941 7.42722 1
18.5152 7.36219 1
18.525 7.24993 1
18.5145 7.32772 1
18.536 7.22937 1
18.5214 7.21478 1
18.5526 7.17765 1
18.5579 7.11719 1
18.5386 7.21938 1
18.5197 7.31837 1
18.5312 7.225 1
18.6155 6.75437 1
18.5319 7.2634 1
18.4958 7.41484 1
18.5438 7.19256 1
18.4819 7.49884 1
18.5399 7.16843 1
18.4617 7.54293 1
18.4866 7.48549 1
18.5594 7.14352 1
18.5125 7.36686 1
18.5457 7.17183 1
18.5545 7.15355 1
18.493 7.42432 1
18.5178 7.295 1
18.5344 7.22198 1
18.5262 7.25117 1
18.5185 7.36161 0
18.5558 7.09134 0
18.5037 7.44745 0
18.5171 7.2854 0
18.5845 6.99862 0
18.5906 6.84174 0
18.5155 7.33857 0
18.4516 7.66577 0
18.532 7.29596 0
18.5085 7.36161 0
18.5286 7.28675 0
18.4961 7.43521 0
18.5079 7.39362 0
18.464 7.5873 0
18.5127 7.35698 0
18.519 7.2091 0
18.5148 7.27376 0
18.5684 6.9958 0
18.5605 7.08742 0
18.4949 7.37286 0
18.4701 7.6058 0
18.5417 7.16428 0
18.4916 7.43298 0
18.5028 7.37281 0
18.5411 7.19648 0
18.5746 6.99664 0
18.5097 7.31837 0
18.5727 6.97375 0
18.4661 7.6245 0
18.5296 7.20361 0
18.5747 6.9816 0
18.5441 7.14431 0
18.5724 6.9998 0
18.5166 7.29738 0
18.4958 7.41484 0
18.5306 7.26042 0
18.5213 7.28294 0
18.5323 7.21819 0
18.504 7.36804 0
18.5312 7.20289 0
18.5042 7.41325 0
18.5028 7.35484 0
18.5071 7.36108 0
18.4912 7.44919 0
18.5494 7.07547 0
18.5488 7.09442 0
18.4941 7.42722 0
18.536 7.22937 0
18.5176 7.30923 0
18.4875 7.39629 0
18.5123 7.33217 0
18.5359 7.22637 0
18.5876 6.8963 0
18.5097 7.31837 0
18.4493 7.63015 0
18.5728 7.02706 0
18.5559 7.15965 0
18.5408 7.16539 0
18.4951 7.38425 0
18.5421 7.1545 0
18.5638 7.05895 0
18.5339 7.19576 0
18.5518 7.09334 0
18.5584 7.12178 0
18.5447 7.17249 0
18.5048 7.36675 0
18.5104 7.30383 0
18.5042 7.33379 0
18.5512 7.06339 0
18.5382 7.1836 0
18.531 7.2121 0
18.5518 7.09115 0
18.4977 7.3871 0
18.5409 7.19037 2
18.5282 7.1865 2
18.5221 7.41885 2
18.5481 7.29486 2
18.5234 7.27238 2
18.499 7.44827 2
18.5179 7.29698 2
18.51 7.39945 2
18.5229 7.31329 2
18.5175 7.25394 2
18.5225 7.36454 2
18.5137 7.29165 2
18.5137 7.29165 2
18.4959 7.4241 2
18.5129 7.33339 2
18.5278 7.28113 2
18.5499 7.11367 2
18.5339 7.22833 2
18.5252 7.43656 2
18.5245 7.26926 2
18.5663 7.2563 2
18.5926 6.84174 2
18.5382 7.21954 2
18.5618 7.25469 2
18.5585 7.25892 2
18.5191 7.27789 2
18.5283 7.27126 2
18.5336 7.19446 2
18.5823 6.94226 2
18.6381 6.65699 3
18.5333 7.21772 2
18.4922 7.51533 2
18.5244 7.35923 2
18.5411 7.19648 2
18.5371 7.22274 2
18.5393 7.21913 2
18.5543 7.18289 2
18.521 7.28566 2
18.5229 7.31515 2
18.5227 7.23287 2
18.5178 7.35246 2
18.5423 7.16794 2
18.552 7.11284 2
18.4864 7.44547 2
18.4729 7.53436 2
18.4928 7.42846 2
18.5537 7.12237 2
18.5778 7.22229 2
18.5247 7.47936 2
18.5239 7.42874 2
18.5438 7.1439 2
18.5124 7.32383 2
18.5316 7.2133 2
18.5369 7.16793 2
18.4722 7.55169 2
18.555 7.12929 2
18.531 7.2121 2
18.5671 7.22984 2
18.557 7.12149 2
18.5528 7.15536 2
18.5216 7.38249 2
18.5339 7.21997 2
18.5398 7.24363 2
18.5518 7.29334 2
18.5575 7.12156 2
18.4861 7.47761 2
18.525 7.21568 2
18.5234 7.34551 2
18.5467 7.14224 2
18.5442 7.18466 2
18.5488 7.14463 2
18.5417 7.16428 2
18.5129 7.32425 2
18.5127 7.35698 2
18.5548 7.27957 2
18.4879 7.44681 2
18.5222 7.36388 2
18.497 7.38275 2
18.5428 7.13576 2
18.5286 7.25188 2
18.5493 7.177 2
18.5274 7.31295 2
18.528 7.22688 2
18.5194 7.32825 2
18.4881 7.44221 2
18.5244 7.24229 2
18.5341 7.21292 2
18.451 7.72237 2
18.5244 7.24154 2
18.5336 7.22327 2
18.529 7.32324 2
18.5386 7.21938 2
18.5193 7.3156 2
18.5528 7.15536 2
18.5137 7.29165 2
18.5259 7.44449 2
18.4983 7.39626 2
18.5128 7.27867 2
18.5264 7.29369 2
18.5665 7.27855 2
18.5676 6.96952 2
18.5678 6.9517 2
18.5724 6.9998 2
18.5365 7.21543 2
18.6245 6.79619 2
18.587 6.99533 2
18.5387 7.1551 2
18.5276 7.36764 2
18.5812 6.9134 2
18.5195 7.33111 2
18.5461 7.29222 2
18.5219 7.37857 2
18.4892 7.46181 2
18.5822 6.87861 2
18.5656 7.24412 2
18.5816 6.96528 2
18.5243 7.2948 2
18.5296 7.397 2
18.4956 7.36256 2
18.6234 6.81769 2
18.5239 7.24354 2
18.4575 7.58628 2
18.5656 7.24412 2
18.5363 7.15998 2
18.5421 7.1545 2
18.5264 7.29243 2
18.4985 7.39664 2
18.4949 7.37286 2
18.567 7.26714 2
18.4958 7.46652 2
18.5234 7.22125 2
18.545 7.16161 2
18.5766 6.94525 2
18.5271 7.3721 2
18.5419 7.17878 2
18.5964 6.81985 2
18.51 7.32877 2
18.5127 7.32726 2
18.4875 7.39629 2
18.529 7.32324 2
18.5211 7.25697 2
18.5324 7.2768 2
18.4923 7.52829 2
18.5683 7.23429 2
18.5183 7.27921 2
18.5128 7.27867 2
18.5169 7.34935 2
18.5622 7.26259 2
18.5125 7.29661 2
18.4666 7.58538 2
18.5242 7.33379 2
18.4847 7.52973 2
18.5815 6.98849 2
18.5441 7.15771 2
18.6126 6.71138 5
18.4988 7.42482 2
18.6271 6.79521 2
18.5414 7.14213 2
18.5559 7.29369 2
18.4567 7.62137 2
18.5289 7.35439 2
18.5256 7.2223 2
18.5724 6.97972 2
18.528 7.34489 2
18.51 7.39945 2
18.5392 7.11826 2
18.5494 7.1115 2
18.5551 7.28517 2
18.5265 7.36122 2
18.5684 6.9958 2
18.5297 7.25523 2
18.4945 7.45286 2
18.5623 7.22125 2
18.4961 7.43521 2
18.5281 7.39251 2
18.6473 6.54997 4
18.5227 7.39328 2
18.5382 7.1836 2
18.5219 7.37857 2
18.4959 7.4241 2
18.4958 7.39288 2
18.5183 7.32953 2
18.4721 7.6258 2
18.5152 7.36219 2
18.598 6.87623 2
18.4921 7.42963 2
18.5516 7.1263 2
18.4992 7.37667 2
18.5193 7.23626 2
18.5358 7.17618 2
18.5221 7.27943 2
18.5297 7.31837 2
18.5383 7.15424 2
18.497 7.38275 2
18.5453 7.11822 2
18.4285 7.78662 2
18.527 7.34676 2
18.4878 7.52228 2
18.4681 7.62886 2
18.5136 7.26191 2
18.498 7.4221 2
18.5182 7.32329 2
18.5457 7.17283 2
18.4859 7.47227 2
18.5228 7.35484 2
18.5126 7.33617 2
18.5197 7.25447 2
18.4717 7.62229 2
18.5283 7.32762 2
18.5182 7.28679 2
18.5568 7.29251 2
18.5252 7.32733 2
18.5273 7.27878 2
18.5365 7.21543 2
18.5328 7.19134 2
18.5358 7.21258 2
18.5337 7.1921 2
18.5626 7.29651 2
18.5729 6.95626 2
18.5129 7.33339 2
18.5271 7.3721 2
18.567 7.26714 2
18.559 7.24693 2
18.5272 7.24528 2
18.5383 7.13588 2
18.5222 7.3272 2
18.5669 7.26784 2
18.5211 7.25697 2
18.5236 7.25187 2
18.4875 7.39629 2
18.5196 7.2354 2
18.5162 7.38276 2
18.5197 7.25447 2
18.5129 7.33623 2
18.5415 7.13257 2
18.527 7.2673 2
18.498 7.39798 2
18.515 7.3443 2
18.5548 7.13233 2
18.5188 7.42241 2
18.537 7.16819 2
18.5428 7.13576 2
18.5156 7.32739 2
18.4743 7.47572 2
18.4247 7.92253 1
18.4722 7.49998 2
18.5319 7.23644 2
18.5319 7.23644 2
18.5298 7.29889 2
18.5127 7.35698 2
18.5229 7.36753 2
18.5627 7.21223 0
18.4863 7.4653 0
18.5052 7.32733 0
18.5411 7.19648 0
18.5914 6.88509 0
18.4615 7.61221 0
18.5227 7.25429 0
18.5576 7.12868 0
18.51 7.32877 0
18.57 7.017 0
18.5236 7.25187 0
18.549 7.13961 0
18.5559 7.09369 0
18.5162 7.38076 0
18.5316 7.2133 0
18.5094 7.33473 0
18.5488 7.14463 0
18.5137 7.41694 0
18.5584 7.12178 0
18.4884 7.43531 0
18.5323 7.21819 0
18.5275 7.23567 0
18.481 7.5308 0
18.5568 7.11328 0
18.5518 7.09334 0
18.5311 7.21508 0
18.5126 7.33617 0
18.5447 7.17249 0
18.5289 7.16356 0
18.4285 7.78662 2
18.5155 7.33857 0
18.5081 7.40758 0
18.4577 7.64693 0
18.5505 7.07997 0
18.5209 7.26486 0
18.5636 7.04334 0
18.5286 7.24987 0
18.5262 7.25017 0
18.5358 7.17618 0
18.5079 7.3527 0
18.5085 7.36161 0
18.5109 7.33339 0
18.5394 7.14304 0
18.5328 7.19134 0
18.532 7.29596 0
18.503 7.33887 0
18.5007 7.41917 0
18.5493 7.177 0
18.501 7.36628 0
18.4801 7.47679 0
18.5698 7.00341 0
18.5029 7.36753 0
18.5427 7.17652 0
18.585 6.92133 0
18.5354 7.20688 0
18.5532 7.10558 0
18.5127 7.32706 0
18.4357 7.65978 0
18.5542 7.06916 0
18.5136 7.26191 0
18.5244 7.32957 0
18.5188 7.40241 0
18.5139 7.28888 0
18.5286 7.28675 0
18.5026 7.38841 0
18.5582 7.04533 0
18.4493 7.63015 0
18.5822 6.87861 0
18.5182 7.32329 0
18.5453 7.14777 0
18.5073 7.42303 0
18.4743 7.47572 0
18.5391 7.21424 0
18.4954 7.34462 0
18.4998 7.41719 0
18.4924 7.4815 0
18.535 7.20754 0
18.5383 7.17222 0
18.5317 7.29988 0
18.5271 7.21545 0
18.5208 7.31138 0
18.5042 7.33379 0
18.49 7.4331 0
18.5176 7.30923 0
18.5537 7.08234 0
18.5606 7.06208 0
18.528 7.21517 0
18.4952 7.49772 0
18.5453 7.21608 0
18.5059 7.44449 0
18.5401 7.16026 0
18.5413 7.17594 0
18.4793 7.48601 0
18.4913 7.3813 0
18.5471 7.12425 0
18.4997 7.34753 0
18.5079 7.33647 0
18.5044 7.36634 0
18.5243 7.2948 0
18.6143 6.77913 0
18.5903 6.95476 0
18.5205 7.28812 0
18.4908 7.42846 0
18.5441 7.14431 0
18.486 7.43683 0
18.4923 7.46094 0
18.5153 7.23707 0
18.4493 7.63015 0
18.5401 7.1478 0
18.5482 7.18922 0
18.6038 6.92781 0
18.4575 7.6316 0
18.5338 7.1306 0
18.5003 7.43778 0
18.5387 7.11479 0
18.5233 7.26364 0
18.4806 7.48391 0
18.6154 6.84697 0
18.499 7.44827 0
18.5088 7.29675 0
18.5176 7.33196 0
18.5188 7.40241 0
18.5374 7.18711 0
18.4811 7.53442 0
18.5104 7.30383 0
18.504 7.36804 0
18.5367 7.21546 0
18.5121 7.33858 0
18.5337 7.23585 0
18.5419 7.17878 0
18.555 7.10047 0
18.5526 7.09955 0
18.4997 7.39815 0
18.5669 7.06784 0
18.5335 7.23565 0
18.5259 7.26175 0
18.5271 7.21187 0
18.5137 7.41694 0
18.5754 7.00046 0
18.5516 7.12023 0
18.4718 7.53414 0
18.5548 7.07957 0
18.5088 7.38705 0
18.521 7.28566 0
18.5411 7.19648 0
18.4991 7.40036 0
18.5188 7.40241 0
18.5432 7.14168 0
18.5382 7.1836 0
18.5387 7.1551 0
18.4892 7.46181 0
18.4864 7.45536 0
18.5392 7.12501 0
18.4916 7.43298 0
18.4891 7.47818 0
18.5513 7.12176 0
18.4711 7.56217 0
18.5559 7.15965 0
18.5619 7.06909 0
18.6071 6.79501 0
18.5663 7.01631 0
18.521 7.28566 0
18.5495 7.1347 0
18.5297 7.26152 0
18.5429 7.1521 0
18.5516 7.12023 0
18.5946 6.80338 0
18.5077 7.33566 0
18.5568 7.14245 0
18.5058 7.3129 0
18.6014 6.80302 0
18.5419 7.15515 0
18.6143 6.77913 0
18.5398 7.24363 0
18.5805 6.97842 0
18.5457 7.17083 0
18.5607 7.01203 0
18.4718 7.53414 0
18.4946 7.39001 0
18.4998 7.41719 0
18.519 7.34339 0
18.5311 7.24101 0
18.5048 7.39921 0
18.476 7.53064 0
18.4848 7.51291 0
18.5671 7.07693 0
18.5571 7.06178 0
18.4965 7.41635 0
18.5551 7.11374 0
18.5567 7.06188 0
18.5131 7.27345 0
18.4793 7.48601 0
18.5335 7.19383 0
18.492 7.4118 0
18.4789 7.53797 0
18.5052 7.44862 0
18.5727 6.96762 0
18.4991 7.40036 0
18.5007 7.41917 0
18.523 7.32849 0
18.5712 6.95356 0
18.5065 7.24728 0
18.5272 7.24508 0
18.536 7.21147 0
18.4782 7.58685 0
18.5532 7.10573 0
18.5725 7.1004 0
18.5689 7.03335 0
18.5339 7.168 0
18.5339 7.168 0
18.5429 7.14891 0
18.5582 7.04533 0
18.4587 7.5513 0
18.5423 7.16761 0
18.5246 7.21072 0
18.5516 7.1063 0
18.5042 7.33379 0
18.4639 7.56103 0
18.4921 7.42963 0
18.5092 7.34419 0
18.5377 7.24072 0
18.531 7.2121 0
18.6381 6.65699 3
18.5509 7.11553 0
18.5367 7.20281 0
18.4717 7.54343 0
18.5473 7.18013 0
18.537 7.23072 0
18.5634 7.01542 0
18.4844 7.57066 0
18.5282 7.1865 0
18.5161 7.28824 0
18.5025 7.32586 0
18.515 7.3443 0
18.5197 7.25447 0
18.5906 6.87348 0
18.5333 7.21772 0
18.5698 7.00341 0
18.5235 7.2457 0
18.5414 7.14809 0
18.4925 7.40991 0
18.4975 7.37695 0
18.5364 7.15165 0
18.4611 7.56142 0
18.5172 7.31027 0
18.5497 7.17659 0
18.5097 7.25503 0
18.5408 7.13576 0
18.5594 7.08642 0
18.5172 7.39093 0
18.4942 7.48141 0
18.5467 7.14204 0
18.571 6.94835 0
18.5235 7.29956 0
18.5208 7.26813 0
18.5634 7.01542 0
18.4925 7.41229 0
18.551 7.11678 0
18.5129 7.33623 0
18.5676 7.00092 0
18.5106 7.28248 0
18.534 7.2027 0
18.5029 7.31309 0
18.5211 7.28078 0
18.5119 7.33196 0
18.497 7.401 0
18.4844 7.4759 0
18.5964 6.81985 0
18.5296 7.21523 0
18.5354 7.20688 0
18.5671 7.00984 0
18.5105 7.36062 0
18.5114 7.33739 0
18.5335 7.18808 0
18.4693 7.50376 0
18.5452 7.1635 0
18.5336 7.2018 0
18.5475 7.07473 0
18.5258 7.26876 0
18.5062 7.37954 0
18.4959 7.4241 0
18.5037 7.38197 0
18.551 7.07239 0
18.5155 7.33855 0
18.5568 7.09251 0
18.5899 6.9512 0
18.5151 7.34952 0
18.5353 7.21394 0
18.5477 7.11694 0
18.5181 7.27037 0
18.5227 7.25429 0
18.4575 7.5227 0
18.5507 7.08165 0
18.4912 7.44919 0
18.5353 7.21394 0
18.5694 7.00005 0
18.5736 6.98364 0
18.5169 7.34935 0
18.4711 7.56217 0
18.5533 7.12236 0
18.5088 7.29675 0
18.5017 7.31215 0
18.5339 7.19576 0
18.5747 7.01803 0
18.5532 7.10558 0
18.4684 7.57237 0
18.5746 6.92649 0
18.5617 7.0158 0
18.5061 7.3675 0
18.5272 7.24508 0
18.5927 6.85989 0
18.563 7.01467 0
18.5402 7.17955 0
18.5282 7.1865 0
18.5065 7.36122 0
18.5017 7.31215 0
18.481 7.5308 0
18.5139 7.28888 0
18.5114 7.33739 0
18.4891 7.4648 0
18.4925 7.41229 0
18.5017 7.31215 0
18.5432 7.14168 0
18.5315 7.21921 0
18.4815 7.50341 0
18.5061 7.3675 0
18.4772 7.56553 0
18.5582 7.06441 0
18.5746 6.99664 0
18.4633 7.64326 0
18.5214 7.32464 0
18.4985 7.39664 0
18.5158 7.30249 0
18.567 7.06714 0
18.5506 7.08098 0
18.4765 7.54164 0
18.5875 6.88479 0
18.4912 7.44919 0
18.4939 7.34108 0
18.5339 7.168 0
18.4628 7.63399 0
18.5468 7.10606 0
18.5246 7.21072 0
18.4689 7.55105 0
18.5134 7.35402 0
18.5195 7.33111 0
18.5178 7.28653 0
18.5492 7.08256 0
18.5088 7.38705 0
18.5394 7.2269 0
18.555 7.10047 0
18.4208 7.71633 0
18.498 7.39798 0
18.5399 7.16843 0
18.5234 7.26599 0
18.5162 7.38076 0
18.5097 7.25503 0
18.486 7.43683 0
18.5494 7.07547 0
18.5421 7.18095 0
18.598 6.87603 0
18.5393 7.21913 0
18.5042 7.38165 0
18.555 7.10909 0
18.523 7.32849 0
18.4946 7.35447 0
18.563 7.01467 0
18.5341 7.21292 0
18.5236 7.34506 0
18.5077 7.34335 0
18.5575 7.10563 0
18.5125 7.29661 0
18.5245 7.26926 0
18.5195 7.29787 0
18.5547 7.04795 0
18.5001 7.41885 0
18.5269 7.24039 0
18.5109 7.33339 0
18.4495 7.71547 0
18.5403 7.16466 0
18.5427 7.17652 0
18.5222 7.3272 0
18.4961 7.43521 0
18.4895 7.48329 0
18.5282 7.1865 0
18.5121 7.33858 0
18.5163 7.29343 0
18.5061 7.34934 0
18.4854 7.39846 0
18.5845 6.99862 0
18.5339 7.21997 0
18.5105 7.32315 0
18.5361 7.20281 0
18.5812 6.9134 0
18.5173 7.30812 0
18.5662 7.05958 0
18.5029 7.36753 0
18.5638 7.05895 0
18.6014 6.80302 0
18.5957 6.83005 0
18.531 7.15679 0
18.4843 7.46777 0
18.4629 7.52314 0
18.5056 7.30267 0
18.4912 7.47879 0
18.5655 6.99963 0
18.5234 7.1623 0
18.4925 7.41229 0
18.5361 7.2316 0
18.4996 7.3498 0
18.5453 7.11822 0
18.5423 7.16761 0
18.5374 7.14166 0
18.5452 7.20764 0
18.564 6.99376 0
18.4971 7.3935 0
18.521 7.28566 0
18.4378 7.72816 0
18.577 6.99836 0
18.4615 7.61221 0
18.526 7.28129 0
18.4504 7.6009 0
18.5274 7.31095 0
18.5273 7.27878 0
18.5334 7.20233 0
18.5294 7.23369 0
18.4861 7.48217 0
18.549 7.13961 0
18.5029 7.31309 0
18.4835 7.50702 0
18.4997 7.34753 0
18.5383 7.13588 0
18.4896 7.45247 0
18.5414 7.14013 0
18.58 6.95209 0
18.4949 7.37286 0
18.5096 7.397 0
18.5049 7.36234 0
18.5168 7.3292 0
18.5048 7.36675 0
18.5042 7.33379 0
18.493 7.42432 0
18.507 7.34676 0
18.4668 7.53171 0
18.5639 7.11587 0
18.5822 6.94338 0
18.4961 7.4198 0
18.6034 6.81769 0
18.5263 7.24167 0
18.5373 7.15429 0
18.5016 7.38049 0
18.4897 7.48639 0
18.4628 7.63399 0
18.4722 7.49998 0
18.5271 7.21187 0
18.5448 7.10185 0
18.507 7.34676 0
18.5349 7.17512 0
18.4611 7.56142 0
18.493 7.42432 0
18.5575 7.11407 0
18.5182 7.32329 0
18.5155 7.33857 0
18.5402 7.21764 0
18.505 7.34328 0
18.5605 7.06707 0
18.536 7.21147 0
18.5671 7.00984 0
18.5555 7.10057 0
18.5153 7.30081 0
18.5428 7.08439 0
18.5026 7.38841 0
18.5097 7.25503 0
18.5054 7.39396 0
18.5498 7.12844 0
18.5385 7.12886 0
18.5522 7.08417 0
18.531 7.16223 0
18.5338 7.1306 0
18.5306 7.26042 0
18.5325 7.18042 0
18.4835 7.52072 0
18.5356 7.16306 0
18.5235 7.2457 0
18.503 7.36534 0
18.5401 7.16026 0
18.5927 6.85989 0
18.5337 7.23585 0
18.5447 7.17249 0
18.4782 7.58685 0
18.4357 7.65978 0
18.5044 7.36634 0
18.564 7.01129 0
18.4725 7.57154 0
18.5079 7.3527 0
18.5283 7.27126 0
18.4942 7.48531 0
18.5009 7.45007 0
18.5473 7.18013 0
18.5289 7.16356 0
18.5336 7.18887 0
18.5079 7.39362 0
18.5094 7.33473 0
18.5498 7.15662 0
18.5475 7.07473 0
18.5559 7.09369 0
18.5538 7.06264 0
18.4974 7.43855 0
18.5566 7.04476 0
18.5385 7.12886 0
18.5532 7.10558 0
18.6003 6.86442 0
18.5109 7.31774 0
18.5728 7.02706 0
18.5155 7.33857 0
18.5735 7.00577 0
18.4759 7.54512 0
18.5193 7.3156 0
18.5242 7.26449 0
18.5307 7.17736 0
18.5554 7.09587 0
18.5488 7.14463 0
18.4736 7.51407 0
18.451 7.70037 0
18.5487 7.09389 0
18.4765 7.54164 0
18.5002 7.34265 0
18.5188 7.26168 0
18.4991 7.35339 0
18.5599 7.07495 0
18.5121 7.33858 0
18.5253 7.22479 0
18.5571 7.06178 0
18.552 7.09351 0
18.564 6.99376 0
18.5606 7.09651 0
18.5386 7.21938 0
18.4854 7.39846 0
18.5188 7.26168 0
18.5609 7.07535 0
18.5778 7.02029 0
18.4866 7.48549 0
18.4808 7.49248 0
18.6014 6.80302 0
18.5175 7.26666 0
18.5365 7.21543 0
18.5736 6.98364 0
18.4998 7.39205 0
18.5465 7.10673 0
18.5044 7.36634 0
18.5394 7.14304 0
18.6081 6.7583 0
18.5007 7.41917 0
18.536 7.21147 0
18.5064 7.29043 0
18.4843 7.53772 0
18.5105 7.36933 0
18.5507 7.08165 0
18.4722 7.49998 0
18.497 7.401 0
18.5394 7.2269 0
18.4891 7.47818 0
18.5726 7.02709 0
18.5401 7.16026 0
18.5684 6.9958 0
18.5713 7.04379 0
18.5906 6.84174 0
18.5313 7.20471 0
18.4902 7.42087 0
18.4681 7.62886 0
18.5029 7.36961 0
18.537 7.16819 0
18.529 7.21103 0
18.499 7.44827 0
18.6003 6.86442 0
18.5845 6.91695 0
18.5183 7.32953 0
18.5284 7.20888 0
18.5357 7.20274 0
18.6143 6.77913 0
18.5358 7.21058 0
