62.6201 -0.463622
62.6167 -0.466277
62.6314 -0.456819
62.6138 -0.467024
62.6147 -0.465803
62.6245 -0.462311
62.6243 -0.460807
62.6141 -0.464506
62.6113 -0.467012
62.6175 -0.462833
62.6176 -0.466771
62.6236 -0.46879
62.638 -0.463006
62.6371 -0.468904
62.6597 -0.46574
62.6594 -0.479308
62.6833 -0.488994
62.7379 -0.480415
62.7908 -0.469972
62.8188 -0.481649
62.8383 -0.490684
62.879 -0.494696
62.9154 -0.502966
62.9659 -0.51661
63.0493 -0.53418
63.159 -0.539241
63.2367 -0.560892
63.3157 -0.59888
63.4265 -0.607782
63.5316 -0.634154
63.6025 -0.657855
63.7183 -0.67002
63.8017 -0.697471
63.8785 -0.713076
63.943 -0.724968
63.9929 -0.726525
64.0129 -0.734464
64.0362 -0.717605
64.0404 -0.719466
64.0304 -0.723373
64.0352 -0.72073
64.0304 -0.721857
64.0217 -0.722021
64.0201 -0.715899
64.0126 -0.730223
64.0262 -0.723437
64.02 -0.727712
64.0243 -0.723847
64.018 -0.724031
64.0194 -0.726349
64.0245 -0.720553
64.0245 -0.726297
64.0244 -0.715267
64.0304 -0.719895
64.021 -0.727018
64.0242 -0.739079
64.0531 -0.738746
64.1137 -0.73212
64.1366 -0.749206
64.1754 -0.761032
64.1978 -0.762296
64.2155 -0.771162
64.2686 -0.772267
64.3223 -0.78553
64.3928 -0.807789
64.474 -0.83109
64.5667 -0.855296
64.662 -0.885305
64.7645 -0.908514
64.8594 -0.931343
64.9509 -0.958338
65.0575 -0.96315
65.1485 -0.996213
65.2351 -1.02646
65.3203 -1.0385
65.4138 -1.06067
65.5276 -1.09167
65.5991 -1.12369
65.6921 -1.13326
65.7899 -1.1652
65.883 -1.21082
65.9698 -1.23931
66.0548 -1.26347
66.1494 -1.27097
66.2413 -1.30796
66.3402 -1.31555
66.4421 -1.34605
66.5156 -1.36254
66.6161 -1.40189
66.7096 -1.4327
66.7974 -1.44255
66.892 -1.47973
66.9877 -1.51089
67.0642 -1.54774
67.1742 -1.53826
67.2423 -1.5786
67.3138 -1.6062
67.4488 -1.64378
67.5205 -1.68351
67.6203 -1.68499
67.6993 -1.73062
67.8021 -1.76731
67.873 -1.80454
67.938 -1.82403
68.0445 -1.8511
68.1286 -1.90816
68.2147 -1.92995
68.2983 -1.94661
68.4101 -1.96779
68.4938 -2.00686
68.5826 -2.04698
68.6874 -2.05814
68.7661 -2.11312
68.8694 -2.12875
68.949 -2.17738
69.0471 -2.19685
69.1268 -2.22534
69.2141 -2.28747
69.3054 -2.30859
69.3931 -2.35008
69.4711 -2.39335
69.5649 -2.44507
69.6673 -2.48096
69.7464 -2.49705
69.8267 -2.51844
69.933 -2.56006
70.0272 -2.60764
70.1308 -2.62042
70.2061 -2.66212
70.2913 -2.69382
70.367 -2.74272
70.4432 -2.79024
70.5362 -2.82437
70.6263 -2.8468
70.7013 -2.88764
70.7987 -2.93446
70.8784 -2.97946
70.9859 -2.99421
71.0705 -3.04086
71.1692 -3.05581
71.2797 -3.05702
71.3641 -3.11107
71.4456 -3.14517
71.5602 -3.12048
71.6459 -3.16244
71.7452 -3.19009
71.854 -3.18647
71.9318 -3.19422
72.0085 -3.21841
72.1039 -3.23166
72.2166 -3.22216
72.2816 -3.23969
72.4054 -3.20673
72.5051 -3.2345
72.5954 -3.23787
72.6804 -3.19947
72.8069 -3.16856
72.9299 -3.20281
73.0152 -3.15553
73.1061 -3.13337
73.2033 -3.08605
73.2979 -3.03573
73.414 -2.99513
73.4985 -2.93549
73.5976 -2.86869
73.6782 -2.80595
73.745 -2.73496
73.7741 -2.62933
73.8252 -2.55317
73.8931 -2.48566
73.9514 -2.39444
73.9915 -2.31304
74.043 -2.21001
74.071 -2.12302
74.0966 -2.02984
74.1399 -1.93387
74.1778 -1.83013
74.1917 -1.75153
74.2046 -1.6791
74.2111 -1.58713
74.216 -1.49502
74.2242 -1.38923
74.2313 -1.29255
74.2109 -1.18241
74.2159 -1.09022
74.1951 -0.983561
74.1898 -0.885671
74.2031 -0.796265
74.2029 -0.697763
74.1793 -0.600465
74.1496 -0.521658
74.1215 -0.433077
74.0991 -0.338662
74.0507 -0.257188
73.9987 -0.186166
73.9495 -0.116153
73.8964 -0.0172166
73.7946 0.102833
73.7178 0.175293
73.6595 0.246746
73.6021 0.302209
73.539 0.364498
73.4512 0.434752
73.3749 0.515695
73.3127 0.574512
73.2556 0.63619
73.158 0.683773
73.0589 0.763365
72.9518 0.833532
72.895 0.864935
72.7884 0.914678
72.6986 0.952566
72.6088 1.00133
72.5228 1.05287
72.433 1.08785
72.3639 1.11515
72.2861 1.15628
72.2142 1.19963
72.0927 1.24395
72.0009 1.25823
71.9091 1.29638
71.805 1.32966
71.7107 1.35272
71.6216 1.35587
71.5439 1.39594
71.4445 1.39761
71.3449 1.3932
71.2343 1.4374
71.1305 1.4569
71.046 1.45996
70.9556 1.48094
70.8536 1.49186
70.7617 1.51337
70.6627 1.5133
70.5662 1.53571
70.4579 1.5674
70.3699 1.56603
70.2763 1.54805
70.1936 1.56759
70.0876 1.57899
70.0005 1.58221
69.9215 1.59277
69.8238 1.61413
69.7364 1.61918
69.6417 1.62363
69.5383 1.61364
69.4513 1.6123
69.331 1.62533
69.2345 1.62523
69.1254 1.61814
69.0281 1.60708
68.9472 1.60236
68.8399 1.58694
68.7424 1.5685
68.6534 1.55959
68.5453 1.54438
68.4479 1.52927
68.3362 1.53557
68.2505 1.50419
68.1508 1.48476
68.0605 1.4648
67.9761 1.43058
67.8781 1.40431
67.7725 1.40143
67.671 1.38936
67.6121 1.36823
67.523 1.34764
67.4297 1.34165
67.3345 1.33865
67.2508 1.31229
67.1341 1.29276
67.0196 1.31893
66.9375 1.31104
66.8471 1.29639
66.743 1.33258
66.665 1.34046
66.5835 1.32434
66.5074 1.325
66.3978 1.36485
66.2984 1.38347
66.2012 1.39189
66.1025 1.39796
66.0073 1.4077
65.9089 1.42385
65.7967 1.425
65.7189 1.44207
65.6239 1.46941
65.5133 1.46097
65.4186 1.46752
65.3199 1.47968
65.2256 1.48356
65.1362 1.48587
65.0265 1.47556
64.9403 1.48546
64.8295 1.47908
64.7344 1.47661
64.6599 1.48504
64.5534 1.48716
64.468 1.4802
64.3714 1.47785
64.2726 1.44448
64.1793 1.44126
64.0865 1.42673
64.0155 1.42405
63.9243 1.41116
63.8256 1.39882
63.7437 1.3945
63.6076 1.34488
63.5341 1.34849
63.4355 1.34495
63.3401 1.34653
63.2506 1.35114
63.1639 1.33666
63.0541 1.33458
62.9563 1.31738
62.8671 1.30442
62.7764 1.29947
62.6473 1.23406
62.5417 1.2212
62.4628 1.22277
62.344 1.19229
62.2557 1.21276
62.1605 1.19192
62.061 1.17295
61.97 1.17612
61.8751 1.16663
61.7831 1.14191
61.6888 1.11167
61.5826 1.13078
61.4867 1.12194
61.3799 1.08558
61.3125 1.08315
61.1871 1.05715
61.1123 1.05283
61.0179 1.0227
60.9263 1.04348
60.8183 1.02197
60.7133 1.01523
60.6196 1.00402
60.5269 1.00681
60.4228 0.98862
60.3276 0.983185
60.2287 0.967654
60.1286 0.991096
60.0362 0.982453
59.9521 0.982303
59.848 0.988477
59.7365 0.994572
59.6441 0.983634
59.5392 0.972524
59.4481 0.994172
59.3494 0.984481
59.2605 0.987826
59.1506 0.98803
59.0565 1.00618
58.961 1.005
58.8581 0.979744
58.7633 0.976532
58.6654 0.971966
58.5663 0.977138
58.4905 0.964053
58.3881 0.964757
58.2878 0.966079
58.2042 0.94958
58.1011 0.921193
58.01 0.919966
57.9131 0.941111
57.8436 0.929335
57.7471 0.91245
57.6542 0.899937
57.565 0.900203
57.4996 0.907113
57.4554 0.887354
57.4241 0.870045
57.4128 0.863503
57.4124 0.864373
57.4127 0.865729
57.4105 0.879416
57.4127 0.881866
57.4178 0.879691
57.4186 0.87762
57.4213 0.878543
57.4146 0.882098
57.4138 0.882387
57.4139 0.883178
57.4154 0.886555
57.4086 0.885108
57.3958 0.871986
57.3706 0.871822
57.3471 0.877611
57.3133 0.879846
57.2771 0.87492
57.2476 0.873691
57.2071 0.860923
57.1648 0.859933
57.0937 0.840848
57.0064 0.840481
56.9093 0.818317
56.8114 0.795598
56.699 0.776095
56.5974 0.783204
56.5017 0.746978
56.3878 0.729251
56.3003 0.721948
56.2038 0.721777
56.1008 0.721053
56.0191 0.705701
55.9691 0.684503
55.8492 0.657487
55.7512 0.650165
55.6575 0.661487
55.5714 0.627881
55.4713 0.61863
55.368 0.616737
55.2847 0.613152
55.1683 0.601446
55.0665 0.57505
54.9726 0.577334
54.8674 0.542818
54.7796 0.546773
54.6858 0.529371
54.5769 0.515644
54.4858 0.532399
54.3946 0.507
54.3077 0.502453
54.2076 0.457294
54.1094 0.461336
54.0174 0.460178
53.9117 0.447123
53.8116 0.443234
53.7199 0.404157
53.6332 0.383583
53.5314 0.382472
53.4503 0.402656
53.3377 0.385816
53.2543 0.382255
53.1688 0.380597
53.0055 0.314849
52.927 0.306285
52.8399 0.287056
52.7373 0.282435
52.6395 0.313728
52.558 0.329882
52.4601 0.294999
52.364 0.272388
52.2643 0.31573
52.1686 0.327619
52.0939 0.331568
51.9895 0.368914
51.906 0.365931
51.8125 0.3492
51.7314 0.320545
51.6283 0.321218
51.5428 0.31577
51.4605 0.305627
51.3532 0.287999
51.2706 0.25545
51.1162 0.297229
51.015 0.258086
50.9193 0.248224
50.8342 0.234537
50.7426 0.241561
50.6615 0.213178
50.558 0.186299
50.4612 0.161006
50.3683 0.167781
50.277 0.142994
50.1823 0.146085
50.0751 0.137607
49.968 0.141699
49.8773 0.121504
49.7854 0.10596
49.6926 0.108005
49.6132 0.111142
49.5159 0.101132
49.4223 0.0916568
49.3283 0.0836757
49.2573 0.119681
49.1499 0.10788
49.0743 0.104067
48.986 0.105721
48.8833 0.0938381
48.792 0.0811708
48.691 0.0604913
48.5793 0.0628244
48.4902 0.0572915
48.4007 0.0574444
48.2941 0.0339052
48.1999 0.0164066
48.1096 0.00759419
47.9961 0.00809007
47.8871 0.000944355
47.7716 -0.000801851
47.6998 -0.00241445
47.5895 -0.0240066
47.5042 -0.0297422
47.4074 -0.0389739
47.3214 -0.0337703
47.2179 -0.0692826
47.1192 -0.0791844
47.0421 -0.074072
46.929 -0.0867203
46.8234 -0.11718
46.7283 -0.133442
46.642 -0.150661
46.5524 -0.151396
46.4494 -0.169024
46.377 -0.139312
46.2524 -0.164108
46.1328 -0.181719
46.0357 -0.173366
45.9697 -0.171345
45.8684 -0.184942
45.7616 -0.199433
45.6645 -0.191604
45.5728 -0.188563
45.476 -0.183891
45.3626 -0.144482
45.2466 -0.142407
45.1654 -0.127098
45.0807 -0.128636
44.9954 -0.121059
44.8854 -0.121487
44.7745 -0.149059
44.6711 -0.168659
44.575 -0.173848
44.4817 -0.141439
44.3944 -0.174176
44.2945 -0.192077
44.208 -0.19943
44.1108 -0.198356
43.991 -0.212962
43.9094 -0.222192
43.8189 -0.233237
43.6976 -0.232009
43.5796 -0.25056
43.4882 -0.263127
43.4188 -0.229843
43.3233 -0.231575
43.2153 -0.227457
43.1357 -0.234655
43.0276 -0.231863
42.912 -0.224581
42.8384 -0.221109
42.7331 -0.232121
42.6315 -0.230488
42.529 -0.233097
42.4076 -0.224666
42.2959 -0.228859
42.1988 -0.240914
42.0987 -0.227587
41.9961 -0.227227
41.8967 -0.244521
41.7999 -0.256489
41.6954 -0.277804
41.605 -0.276786
41.5036 -0.287661
41.4823 -0.315443
41.3889 -0.341124
41.3042 -0.355592
41.2053 -0.37156
41.1091 -0.390373
41.0223 -0.422446
40.9414 -0.440351
40.8333 -0.490919
40.7448 -0.531493
40.6473 -0.568848
40.5812 -0.626182
40.5089 -0.665357
40.4351 -0.704115
40.3367 -0.744959
40.2555 -0.770694
40.1551 -0.812079
40.0706 -0.83096
39.9906 -0.855748
39.9114 -0.885148
39.8237 -0.916938
39.7151 -0.980645
39.6143 -1.00399
39.5293 -1.02289
39.4267 -1.05021
39.3403 -1.07925
39.2578 -1.10786
39.1676 -1.1287
39.0702 -1.16253
38.9846 -1.17749
38.8965 -1.19855
38.7657 -1.18197
38.6583 -1.20869
38.5695 -1.21367
38.4727 -1.23195
38.3782 -1.24268
38.2736 -1.27272
38.1867 -1.28793
38.0974 -1.29636
37.991 -1.31072
37.8983 -1.33457
37.7866 -1.31953
37.6822 -1.34178
37.5957 -1.35606
37.5137 -1.37088
37.4149 -1.37957
37.318 -1.41523
37.2275 -1.42715
37.1287 -1.43125
37.0305 -1.4456
36.934 -1.47234
36.8476 -1.45926
36.7451 -1.48206
36.6571 -1.48177
36.5505 -1.50494
36.4561 -1.5248
36.3597 -1.52367
36.2601 -1.53427
36.1668 -1.53537
36.0706 -1.55124
35.9714 -1.57205
35.8667 -1.58567
35.7705 -1.57411
35.6843 -1.58904
35.5945 -1.62029
35.4979 -1.59764
35.3822 -1.623
35.306 -1.64225
35.2302 -1.6423
35.145 -1.66473
35.0556 -1.66505
34.9131 -1.73898
34.8093 -1.76051
34.7118 -1.78725
34.6105 -1.78326
34.5171 -1.80224
34.4233 -1.85309
34.3376 -1.88511
34.2367 -1.88806
34.1369 -1.89376
34.0401 -1.90125
33.9399 -1.85551
33.8427 -1.85837
33.7367 -1.86963
33.6389 -1.88483
33.5478 -1.88603
33.4345 -1.90676
33.3265 -1.89051
33.2234 -1.89815
33.1134 -1.89804
33.0164 -1.90003
32.9938 -1.80471
32.8907 -1.8143
32.7996 -1.83467
32.6981 -1.8313
32.5981 -1.82722
32.5064 -1.83762
32.3868 -1.82836
32.2802 -1.82497
32.1737 -1.81568
32.073 -1.80807
32.0501 -1.75346
31.9605 -1.74494
31.8573 -1.76091
31.7411 -1.75673
31.6378 -1.74443
31.528 -1.719
31.4182 -1.70923
31.3199 -1.70594
31.2272 -1.71542
31.1302 -1.7215
31.1022 -1.54978
31.0072 -1.53785
30.9139 -1.53171
30.8002 -1.49856
30.7084 -1.5069
30.596 -1.50733
30.4916 -1.47412
30.3902 -1.48467
30.2955 -1.47255
30.212 -1.47345
30.1977 -1.33621
30.0963 -1.32515
30.0016 -1.31478
29.8888 -1.2978
29.7797 -1.26494
29.6641 -1.26673
29.561 -1.25907
29.4849 -1.25108
29.3983 -1.25579
29.3132 -1.24615
29.2644 -1.06332
29.1723 -1.05985
29.0656 -1.03832
28.9727 -1.03797
28.8858 -1.0173
28.8013 -1.02135
28.6974 -1.01323
28.6259 -0.962328
28.5205 -0.940628
28.4269 -0.911876
28.3292 -0.746258
28.2443 -0.727824
28.1558 -0.70622
28.0707 -0.680327
27.978 -0.668558
27.8792 -0.637595
27.7908 -0.626107
27.6947 -0.621276
27.5962 -0.609999
27.5168 -0.582947
27.4234 -0.565308
27.3248 -0.56948
27.2267 -0.557037
27.129 -0.533741
27.0274 -0.503815
26.9388 -0.515035
26.8472 -0.462365
26.7642 -0.450984
26.6569 -0.45708
26.5544 -0.439133
26.4494 -0.40833
26.3278 -0.44153
26.236 -0.423249
26.1501 -0.411355
26.0416 -0.395704
25.9467 -0.403915
25.8488 -0.406964
25.7675 -0.408788
25.6448 -0.382416
25.5647 -0.371269
25.4894 -0.278038
25.3916 -0.252318
25.3008 -0.245251
25.203 -0.216778
25.1075 -0.235049
25.0066 -0.229891
24.9086 -0.226812
24.8238 -0.218786
24.7244 -0.206313
24.6303 -0.210135
24.5552 -0.163871
24.457 -0.124043
24.3706 -0.120055
24.2835 -0.0909379
24.197 -0.0569539
24.0981 -0.0552072
24.0078 -0.0309724
23.9138 -0.0204711
23.8205 0.000496458
23.7235 0.0584263
23.5838 0.0202821
23.4731 0.0223922
23.3754 0.0441901
23.2809 0.0453301
23.1981 0.0729648
23.1057 0.0834724
23.0165 0.0933606
22.9168 0.084694
22.8174 0.0918272
22.7235 0.113017
22.6114 0.0882277
22.5238 0.107157
22.4201 0.112977
22.36 0.0940307
22.2537 0.121547
22.1556 0.103132
22.0488 0.120089
21.9538 0.115667
21.8365 0.113532
21.7445 0.114734
21.6776 0.114331
21.5731 0.122108
21.4947 0.129971
21.3927 0.118498
21.2758 0.143361
21.1865 0.150384
21.0843 0.167505
20.9989 0.181604
20.9175 0.205097
20.8187 0.218165
20.6934 0.248245
20.5791 0.258228
20.509 0.301921
20.4194 0.32061
20.3219 0.331259
20.2321 0.348071
20.1378 0.365707
20.0409 0.387592
19.9231 0.35589
19.8129 0.321847
19.748 0.393884
19.6364 0.433845
19.5685 0.492477
19.4716 0.491755
19.3659 0.512696
19.2799 0.517427
19.1885 0.575277
19.0979 0.58724
19.0007 0.599287
18.8893 0.571658
18.7927 0.666609
18.7005 0.686102
18.5979 0.700291
18.5058 0.702767
18.4187 0.707376
18.3271 0.722407
18.2296 0.734498
18.1313 0.765924
18.0572 0.772484
17.9544 0.788126
17.8344 0.72655
17.7521 0.740379
17.6382 0.765115
17.5495 0.764612
17.4402 0.786279
17.3456 0.80032
17.2553 0.805151
17.1401 0.804207
17.0723 0.817849
16.9732 0.831335
16.8783 0.880443
16.793 0.874321
16.6924 0.877957
16.5967 0.875966
16.4941 0.883177
16.3961 0.884934
16.2866 0.887445
16.1824 0.916891
16.1051 0.919484
15.9925 0.910498
15.8922 0.927611
15.7843 0.921
15.6785 0.930881
15.5786 0.940907
15.4744 0.943626
15.3787 0.934362
15.2801 0.942384
15.1877 0.933236
15.0686 0.947384
14.9626 0.955992
14.9341 0.987925
14.8362 0.981051
14.7326 0.983656
14.6458 0.973866
14.5563 0.990495
14.4588 0.975064
14.3725 0.992716
14.2658 0.998678
14.1635 1.00154
14.0763 1.00538
13.9757 1.0277
13.8814 1.01342
13.787 1.02622
13.6913 1.01778
13.598 1.03337
13.4939 1.04055
13.3932 1.03246
13.2767 1.02812
13.1978 1.02155
13.1067 1.02673
13.013 1.03226
12.9007 1.03366
12.8112 1.03754
12.72 1.04468
12.6193 1.05008
12.51 1.04351
12.4158 1.04964
12.3255 1.04528
12.2257 1.04297
12.1406 1.04387
12.0381 0.99762
11.929 0.98014
11.8542 0.985336
11.7721 1.00611
11.6785 1.00403
11.5893 0.989679
11.4695 0.970759
11.383 0.959019
11.2784 0.964747
11.1831 0.973189
11.1068 1.061
11.0052 1.05655
10.9079 1.05679
10.8173 1.04926
10.7292 1.03287
10.631 1.04569
10.5262 1.02658
10.4261 1.0397
10.325 1.04318
10.2256 0.998102
10.1229 0.940246
10.0019 0.951878
9.94239 0.958043
9.84598 0.980045
9.72993 0.992136
9.65748 1.00035
9.55218 0.991578
9.45202 0.995489
9.34759 0.987872
9.23862 0.988971
9.14374 1.00692
9.0665 1.01575
8.96889 1.00607
8.86402 0.994161
8.76907 1.00032
8.68669 0.994792
8.56962 0.993554
8.49323 0.972592
8.39789 0.985315
8.29014 0.965657
8.17439 0.972126
8.07606 0.952642
7.98482 0.956722
7.90562 0.951953
7.80678 0.942291
7.69466 0.935489
7.60238 0.923492
7.50555 0.917835
7.41077 0.926375
7.31674 0.931911
7.22129 0.953079
7.14092 0.96953
7.03411 0.932673
6.94906 0.940558
6.83732 0.931635
6.7437 0.916207
6.64239 0.918342
6.53417 0.921354
6.43988 0.905531
6.33992 0.923275
6.26277 0.924313
6.16941 0.928734
6.06233 0.94818
5.95409 0.940486
5.8672 0.944859
5.76563 0.942192
5.66695 0.94598
5.58986 0.979566
5.48641 0.981324
5.39531 0.982701
5.30128 0.993778
5.18274 1.00258
5.092 0.999947
5.00585 1.01288
4.90182 1.01421
4.81885 1.01547
4.72987 1.01335
4.63291 1.02362
4.54239 1.00818
4.43439 1.00322
4.31176 1.01884
4.24604 1.03021
4.12866 1.00847
4.02078 1.01661
3.93824 1.01508
3.84135 1.00814
3.7504 0.993661
3.63864 1.00218
3.55863 1.00578
3.44511 0.998676
3.3805 1.00175
3.29672 0.995722
3.17379 0.983057
3.10458 0.974719
2.99761 0.98208
2.88268 0.963091
2.81081 0.980003
2.69994 0.983122
2.5838 1.01186
2.52748 1.02219
2.43983 1.04377
2.33139 1.04188
2.25049 1.0638
2.1592 1.076
2.08248 1.1084
1.97161 1.11463
1.86522 1.12654
1.77259 1.12302
1.6624 1.13636
1.57476 1.16469
1.48335 1.19809
1.37846 1.20587
1.27374 1.21053
1.15826 1.23325
1.08344 1.26904
0.982175 1.30676
0.887256 1.28972
0.798182 1.31363
0.692573 1.33671
0.610117 1.35636
0.50486 1.37356
0.402679 1.40007
0.326226 1.42867
0.22853 1.43741
0.14817 1.44476
0.0280102 1.47766
-0.0456944 1.50419
-0.154097 1.51192
-0.247677 1.53245
-0.324699 1.55857
-0.426531 1.59408
-0.519263 1.5949
-0.632659 1.58941
-0.726354 1.58508
-0.813722 1.5902
-0.909656 1.61913
-1.00218 1.63186
-1.11308 1.65507
-1.21662 1.64276
-1.30661 1.64124
-1.40425 1.66342
-1.50299 1.67394
-1.60225 1.69523
-1.68302 1.71421
-1.79032 1.71166
-1.8606 1.73138
-1.98207 1.75658
-2.04744 1.77638
-2.15155 1.79899
-2.24632 1.80614
-2.35363 1.81196
-2.45904 1.82727
-2.54403 1.8401
-2.64609 1.88562
-2.73848 1.91692
-2.83695 1.92822
-2.93353 1.93795
-3.03337 1.96997
-3.12974 1.98353
-3.2163 2.01094
-3.28899 2.02004
-3.38301 2.03573
-3.46586 2.08767
-3.57165 2.1121
-3.67423 2.13135
-3.76646 2.13514
-3.86491 2.16518
-3.9553 2.19424
-4.0406 2.18958
-4.14814 2.2319
-4.24219 2.28739
-4.32874 2.32847
-4.43406 2.33189
-4.52339 2.3666
-4.61346 2.38582
-4.69279 2.42193
-4.79138 2.4469
-4.88603 2.45577
-4.97936 2.47609
-5.07464 2.50653
-5.16629 2.53726
-5.2876 2.50655
-5.38251 2.49918
-5.48884 2.47153
-5.56354 2.5357
-5.66537 2.56353
-5.77741 2.56874
-5.86103 2.5985
-5.95644 2.63443
-6.03047 2.66815
-6.09493 2.7459
-6.18549 2.77794
-6.26811 2.83101
-6.36311 2.85585
-6.48243 2.86022
-6.57699 2.88017
-6.65216 2.92213
-6.76021 2.92575
-6.85798 2.93411
-6.97667 2.92881
-7.0446 3.01258
-7.12901 3.0555
-7.21804 3.05642
-7.3269 3.0952
-7.42823 3.09517
-7.52139 3.1175
-7.63782 3.12504
-7.72581 3.14077
-7.81003 3.16557
-7.91988 3.17281
-8.00576 3.1968
-8.1125 3.21515
-8.20331 3.22093
-8.31017 3.23862
-8.39411 3.24374
-8.51004 3.24061
-8.57588 3.28403
-8.67211 3.30503
-8.77278 3.30895
-8.86237 3.32307
-8.93491 3.3614
-9.0233 3.39868
-9.11872 3.39862
-9.20537 3.42584
-9.28345 3.43389
-9.40243 3.47182
-9.4852 3.49253
-9.5688 3.52742
-9.66046 3.56439
-9.76882 3.57131
-9.87207 3.57204
-9.95771 3.59535
-10.0511 3.63186
-10.1596 3.64999
-10.2539 3.66903
-10.342 3.66855
-10.4491 3.70858
-10.5337 3.71885
-10.649 3.72593
-10.7309 3.73041
-10.8355 3.77515
-10.9053 3.80065
-11.0039 3.83733
-11.1062 3.84683
-11.1918 3.87013
-11.3162 3.87958
-11.3914 3.9087
-11.4714 3.92355
-11.5534 3.92911
-11.6662 3.95121
-11.7929 3.96633
-11.8793 4.00721
-11.9794 4.00343
-12.0803 4.01191
-12.1694 4.00852
-12.2561 4.02177
-12.3487 4.04299
-12.4527 4.05214
-12.5396 4.0831
-12.6288 4.09441
-12.7097 4.10828
-12.8297 4.11784
-12.9154 4.09882
-13.0121 4.11407
-13.0724 4.13827
-13.136 4.11855
-13.2109 4.12771
-13.2877 4.11718
-13.3442 4.12462
-13.4252 4.13555
-13.6767 4.25965
-13.7479 4.24851
-13.8226 4.26035
-13.9178 4.25348
-13.9776 4.27358
-14.076 4.27332
-14.1441 4.24664
-14.2312 4.242
-14.2955 4.23811
-14.4215 4.21231
-14.6456 4.33126
-14.7487 4.36443
-14.8416 4.38669
-14.9225 4.40003
-15.0341 4.45523
-15.0834 4.44739
-15.2361 4.4703
-15.2962 4.46194
-15.3939 4.49643
-15.4636 4.52814
-15.4969 4.65142
-15.5383 4.64414
-15.6149 4.66763
-15.7237 4.71551
-15.8177 4.75962
-15.9374 4.7598
-16.0307 4.79453
-16.0838 4.79684
-16.1465 4.8338
-16.2284 4.8237
-16.5026 4.90761
-16.5987 4.92797
-16.6881 4.97001
-16.8196 4.95396
-16.897 4.96237
-17.0132 4.96672
-17.1119 4.97868
-17.2344 4.99689
-17.3329 5.01994
-17.4063 5.00935
-17.4671 4.98697
-17.547 5.00768
-17.6359 4.99512
-17.7376 4.98485
-17.8593 5.00158
-17.9426 5.02188
-17.9756 4.99094
-18.1085 5.00752
-18.2144 4.99835
-18.2593 4.97503
-18.482 5.04414
-18.5833 5.03565
-18.6766 5.02094
-18.7673 5.01442
-18.844 5.02124
-18.9376 5.01494
-19.0492 5.0313
-19.1275 5.02061
-19.2391 5.04887
-19.3292 5.0472
-19.4215 5.07132
-19.5185 5.04509
-19.6316 5.06416
-19.7077 5.07396
-19.8483 5.06577
-19.8858 5.09514
-19.9842 5.09924
-20.0433 5.08783
-20.1331 5.09273
-20.2451 5.13551
-20.4301 5.145
-20.518 5.1883
-20.6092 5.1679
-20.7033 5.19785
-20.8149 5.19763
-20.9064 5.19654
-21.0213 5.26367
-21.0801 5.24411
-21.1541 5.24743
-21.2505 5.27081
-21.3425 5.31499
-21.4262 5.32826
-21.5382 5.32939
-21.6013 5.33216
-21.6352 5.28818
-21.7244 5.3053
-21.8164 5.29527
-21.9103 5.34811
-21.9897 5.34496
-22.1037 5.35082
-22.2901 5.41815
-22.3707 5.41565
-22.4622 5.46476
-22.5589 5.48432
-22.6318 5.515
-22.7424 5.49238
-22.8239 5.54355
-22.9237 5.52658
-23.0018 5.54845
-23.0957 5.56955
-23.2311 5.60544
-23.3016 5.62731
-23.4236 5.61697
-23.5127 5.63843
-23.6353 5.6412
-23.7083 5.6735
-23.8106 5.70933
-23.8974 5.71583
-23.9351 5.72508
-24.026 5.70581
-24.1487 5.81236
-24.2263 5.80571
-24.2893 5.79829
-24.4005 5.80255
-24.4844 5.85332
-24.5758 5.88443
-24.6671 5.85552
-24.7453 5.86975
-24.8321 5.88722
-24.9267 5.91407
-25.0704 5.97759
-25.1678 6.04463
-25.2612 6.10707
-25.3524 6.12618
-25.4725 6.20629
-25.5157 6.287
-25.5899 6.27695
-25.6883 6.35246
-25.7615 6.33568
-25.8598 6.40812
-26.0408 6.4105
-26.1335 6.48066
-26.2432 6.46901
-26.3355 6.50488
-26.4271 6.51021
-26.5431 6.50874
-26.6356 6.52125
-26.7289 6.50006
-26.8403 6.52468
-26.9228 6.51677
-26.9888 6.50406
-27.1053 6.52098
-27.1756 6.49792
-27.2895 6.50037
-27.3904 6.49288
-27.5054 6.5123
-27.5701 6.44463
-27.688 6.49533
-27.7318 6.46467
-27.8458 6.52148
-27.9288 6.49479
-28.0196 6.5369
-28.1111 6.53964
-28.1657 6.56678
-28.2451 6.58733
-28.3539 6.62732
-28.4077 6.58736
-28.5266 6.61681
-28.5856 6.6621
-28.6465 6.64751
-28.8907 6.42466
-28.9521 6.41441
-29.0406 6.44716
-29.1171 6.42014
-29.2235 6.45985
-29.3029 6.38936
-29.4294 6.4181
-29.5251 6.39329
-29.6208 6.3724
-29.7236 6.34631
-29.8923 6.18631
-29.9821 6.18795
-30.0773 6.14935
-30.1679 6.12726
-30.2778 6.08994
-30.3446 6.09552
-30.4794 6.09404
-30.6087 6.13792
-30.6908 6.17446
-30.8166 6.12801
-30.8473 5.90346
-30.936 5.91575
-30.9996 5.87847
-31.1052 5.84926
-31.1848 5.84302
-31.2895 5.82548
-31.4022 5.79077
-31.4952 5.76292
-31.5976 5.77664
-31.6858 5.75103
-31.7745 5.765
-31.8814 5.75677
-31.9823 5.71047
-32.0837 5.71346
-32.1535 5.6915
-32.2597 5.67563
-32.3595 5.67754
-32.4669 5.67256
-32.5762 5.65412
-32.6578 5.6349
-32.7322 5.64251
-32.8206 5.6304
-32.9324 5.61067
-33.0334 5.59818
-33.133 5.58477
-33.223 5.57774
-33.3095 5.57133
-33.4074 5.54593
-33.5041 5.55648
-33.5897 5.5444
-33.6887 5.52228
-33.8024 5.50415
-33.8682 5.56882
-33.9816 5.56742
-34.066 5.55584
-34.1166 5.63413
-34.2117 5.59433
-34.2962 5.66527
-34.4015 5.60876
-34.4969 5.55744
-34.6645 5.46406
-34.7731 5.42078
-34.8708 5.43389
-34.938 5.4666
-35.035 5.47988
-35.1501 5.42404
-35.2393 5.42821
-35.3553 5.47784
-35.4256 5.44672
-35.4707 5.39088
-35.5644 5.31368
-35.6488 5.32186
-35.743 5.29848
-35.8665 5.29116
-35.9707 5.27701
-36.0603 5.28525
-36.1604 5.25204
-36.2623 5.22626
-36.3544 5.25929
-36.4857 5.30242
-36.5803 5.1995
-36.7038 5.28444
-36.8334 5.32521
-36.9594 5.40727
-37.0942 5.45007
-37.2166 5.50549
-37.305 5.45657
-37.4361 5.53554
-37.5563 5.58448
-37.692 5.64245
-37.5181 4.99536
-37.6122 4.99439
-37.7477 5.03262
-37.8511 4.98796
-37.9307 4.97537
-38.0666 5.0273
-38.1939 4.96358
-38.2714 5.02156
-38.3653 4.99005
-38.5145 5.01314
-38.4639 4.79592
-38.5678 4.75905
-38.6896 4.69873
-38.7761 4.77367
-38.8716 4.71462
-38.9764 4.6948
-39.0874 4.71075
-39.2107 4.77033
-39.2638 4.70417
-39.3839 4.75441
-39.368 4.5223
-39.4699 4.54683
-39.5759 4.51842
-39.6396 4.50213
-39.788 4.55104
-39.9001 4.53781
-39.9656 4.53506
-40.0626 4.50276
-40.1816 4.46326
-40.2622 4.46119
-40.2612 4.28009
-40.3475 4.27559
-40.4678 4.27863
-40.5446 4.26038
-40.6391 4.22877
-40.7616 4.23005
-40.8223 4.18752
-40.9418 4.16912
-41.0337 4.13076
-41.1266 4.19934
-41.227 4.0621
-41.2954 4.14336
-41.3748 4.20118
-41.4537 4.21036
-41.5367 4.19285
-41.6072 4.2589
-41.7324 4.21702
-41.8178 4.15835
-41.9174 4.21259
-42.0394 4.25808
-42.132 3.68434
-42.2079 3.61775
-42.2805 3.63769
-42.3587 3.68613
-42.4636 3.65791
-42.5381 3.69717
-42.6336 3.68561
-42.6743 3.67427
-42.7639 3.74042
-42.8496 3.76086
-43.001 3.30716
-43.0801 3.26945
-43.12 3.26063
-43.2581 3.26274
-43.3167 3.29964
-43.3811 3.38787
-43.4107 3.40869
-43.4162 3.45458
-43.4693 3.54398
-43.4647 3.57427
-43.8978 2.86963
-43.9881 2.82286
-44.132 2.81442
-44.1821 2.80911
-44.283 2.77111
-44.3738 2.84275
-44.38 2.83141
-44.415 2.86001
-44.4757 2.85087
-44.5286 2.86399
-44.7052 2.72493
-44.7268 2.74504
-44.7483 2.75489
-44.8013 2.76974
-44.8182 2.78416
-44.8336 2.78996
-44.8477 2.80102
-44.8766 2.80482
-44.9038 2.82249
-44.9412 2.82833
-44.9835 2.66861
-45.0194 2.69665
-45.0551 2.71051
-45.0994 2.72806
-45.1401 2.73753
-45.1908 2.77007
-45.2419 2.81516
-45.2663 2.84574
-45.2775 2.86228
-45.3079 2.87957
-45.2299 2.54397
-45.2769 2.57672
-45.3207 2.60073
-45.3742 2.63361
-45.3956 2.653
-45.4192 2.67706
-45.4655 2.70515
-45.5066 2.73201
-45.5509 2.76068
-45.5797 2.76765
-45.5175 2.45505
-45.5597 2.48158
-45.5937 2.50456
-45.6247 2.52556
-45.6599 2.52808
-45.6934 2.51985
-45.7141 2.52066
-45.7213 2.51586
-45.714 2.50321
-45.7062 2.50218
-45.6492 2.35564
-45.652 2.35936
-45.6504 2.36094
-45.6481 2.35867
-45.649 2.35696
-45.6506 2.36637
-45.6535 2.36345
-45.6535 2.34994
-45.6583 2.35143
-45.648 2.33756
-45.6666 2.34952
-45.6583 2.32763
-45.661 2.33015
-45.654 2.32187
-45.6506 2.32292
-45.6521 2.31091
-45.6523 2.31819
-45.6478 2.29445
-45.645 2.29649
-45.6425 2.2893
-45.6423 2.28769
-45.6451 2.2912
-45.6388 2.29143
-45.6374 2.28595
-45.6266 2.27109
-45.6336 2.27317
-45.6177 2.27598
-45.6193 2.27401
-45.6126 2.27278
-45.6158 2.27337
-45.604 2.2986
-45.6077 2.2989
-45.6074 2.29896
-45.6064 2.29375
-45.6045 2.28691
-45.5788 2.28078
-45.5655 2.27105
-45.5422 2.25286
-45.5353 2.24377
-45.5481 2.23715
-45.5557 2.20685
-45.5521 2.19488
-45.5399 2.18317
-45.5171 2.14268
-45.5008 2.12743
-45.4735 2.10707
-45.4466 2.08695
-45.4447 2.08795
-45.4286 2.07399
-45.4225 2.06685
-45.3929 1.88777
-45.3472 1.85131
-45.3063 1.84203
-45.2444 1.79603
-45.1633 1.72389
-45.1067 1.70166
-45.0123 1.61908
-44.9532 1.62548
-44.8749 1.54139
-44.7974 1.54364
-44.7309 1.26023
-44.6782 1.22417
-44.5698 1.11798
-44.5098 1.11552
-44.4166 1.09186
-44.351 1.09477
-44.2993 1.06856
-44.2103 1.08562
-44.1368 1.10586
-44.0461 1.13848
-43.8108 1.06859
-43.715 1.05377
-43.6035 1.08585
-43.5114 1.066
-43.4059 1.13605
-43.3119 1.15071
-43.2076 1.15488
-43.1102 1.16908
-43.013 1.20404
-42.8904 1.23398
-42.8782 1.36015
-42.821 1.3678
-42.7378 1.4362
-42.6651 1.49044
-42.5782 1.49785
-42.4923 1.55424
-42.43 1.60403
-42.3602 1.67597
-42.2858 1.73922
-42.215 1.7865
-42.1149 1.95295
-42.0502 1.92578
-41.9576 1.95347
-41.8597 1.9794
-41.8143 2.08959
-41.6919 2.07243
-41.6106 2.10105
-41.5394 2.1253
-41.4398 2.1383
-41.377 2.20111
-41.331 2.5387
-41.2649 2.60781
-41.1789 2.62909
-41.1081 2.69374
-41.0229 2.70206
-40.9531 2.76771
-40.83 2.82508
-40.7367 2.83567
-40.6596 2.81493
-40.5701 2.86
-40.6389 3.14299
-40.5615 3.21483
-40.4858 3.23732
-40.4235 3.31408
-40.3538 3.3566
-40.3043 3.41434
-40.222 3.46546
-40.1603 3.49048
-40.0978 3.53643
-40.057 3.58514
-39.889 3.83104
-39.852 3.85457
-39.8226 3.84245
-39.7561 3.85733
-39.6817 3.87513
-39.6605 3.88476
-39.5961 3.86384
-39.576 3.90056
-39.4876 3.88282
-39.3968 3.94185
-39.0279 4.24948
-38.9344 4.28459
-38.8476 4.33562
-38.7646 4.35195
-38.6746 4.38862
-38.5876 4.41983
-38.4815 4.45045
-38.4082 4.4924
-38.3114 4.53341
-38.2195 4.56306
-38.13 4.56924
-38.0221 4.56397
-37.9152 4.56601
-37.8292 4.5761
-37.7172 4.59392
-37.6206 4.61342
-37.5156 4.62137
-37.4368 4.68087
-37.3291 4.68635
-37.2397 4.70512
-37.1695 4.7216
-37.1098 4.75228
-37.049 4.74926
-36.9993 4.73708
-36.9414 4.7217
-36.8624 4.73688
-36.7975 4.76652
-36.6942 4.7793
-36.6119 4.82105
-36.5126 4.85947
-36.4071 4.89341
-36.3482 4.9342
-36.25 4.94808
-36.1609 4.96817
-36.0529 4.99983
-35.9783 5.04608
-35.8823 5.0578
-35.8204 5.10925
-35.7131 5.12775
-35.6318 5.1479
-35.4934 5.153
-35.3979 5.18457
-35.3111 5.21739
-35.2113 5.23749
-35.1074 5.26553
-35.0152 5.2745
-34.9219 5.30509
-34.8257 5.33197
-34.7175 5.34561
-34.63 5.37377
-34.5911 5.43339
-34.4973 5.45746
-34.4088 5.44833
-34.3182 5.4991
-34.2309 5.50257
-34.117 5.52741
-34.0183 5.53241
-33.9445 5.54062
-33.8358 5.5748
-33.7443 5.60996
-33.6306 5.72061
-33.5336 5.75012
-33.4538 5.77769
-33.3717 5.78638
-33.2843 5.80225
-33.1902 5.84656
-33.0814 5.87101
-32.987 5.88786
-32.8886 5.88878
-32.8058 5.90049
-32.6807 5.87505
-32.6038 5.88168
-32.4972 5.91934
-32.443 5.92177
-32.3325 5.94216
-32.2424 5.96906
-32.1411 5.97444
-32.0387 5.99381
-31.9444 5.99919
-31.8502 5.99994
-31.7376 6.02498
-31.6515 6.04038
-31.5715 6.05535
-31.4807 6.07569
-31.3705 6.09965
-31.2809 6.10965
-31.1811 6.11858
-31.0952 6.12511
-30.9753 6.10506
-30.8825 6.11322
-30.7604 6.09347
-30.6718 6.13044
-30.5868 6.15084
-30.4993 6.14263
-30.4091 6.15832
-30.3007 6.15139
-30.2121 6.16025
-30.1244 6.16862
-30.0405 6.19311
-29.949 6.19713
-29.817 6.17241
-29.7161 6.18927
-29.6332 6.1769
-29.5338 6.18812
-29.4323 6.21038
-29.3695 6.22568
-29.2892 6.26535
-29.1916 6.28235
-29.1332 6.29627
-29.0259 6.32668
-28.8141 6.22488
-28.7271 6.24291
-28.6306 6.23727
-28.5381 6.26213
-28.4369 6.29279
-28.3303 6.31208
-28.2521 6.33354
-28.1588 6.34866
-28.0484 6.37852
-27.9787 6.39678
-27.8889 6.41383
-27.7515 6.38821
-27.6815 6.42404
-27.585 6.45441
-27.4872 6.49105
-27.4117 6.48097
-27.2966 6.50375
-27.2045 6.52595
-27.1286 6.52242
-27.0171 6.55932
-26.9304 6.63562
-26.8226 6.63819
-26.7418 6.6571
-26.6538 6.68429
-26.5562 6.7049
-26.483 6.71984
-26.3912 6.7376
-26.2919 6.78033
-26.1852 6.77414
-26.0947 6.80214
-25.9841 6.76903
-25.9109 6.82677
-25.825 6.87236
-25.7224 6.89321
-25.637 6.9068
-25.5728 7.00343
-25.4924 7.05762
-25.3876 7.05675
-25.3188 7.10069
-25.263 7.15229
-25.0572 6.88914
-24.9868 6.91143
-24.9027 6.92107
-24.816 6.95938
-24.7387 6.99538
-24.6384 7.00092
-24.5678 7.01948
-24.4613 7.03247
-24.4095 7.06765
-24.2755 7.03448
-24.0178 6.81655
-23.9306 6.88396
-23.8063 6.8096
-23.7207 6.89354
-23.6387 6.88985
-23.5906 6.947
-23.5058 6.92179
-23.4238 6.94038
-23.3101 6.90142
-23.2277 6.91935
-23.0883 6.85118
-22.98 6.82595
-22.8999 6.84033
-22.8014 6.83592
-22.709 6.83524
-22.5931 6.81546
-22.4991 6.79188
-22.4163 6.81428
-22.3315 6.80743
-22.2443 6.7888
-22.1086 6.79876
-22.0292 6.7776
-21.9459 6.81351
-21.8352 6.75946
-21.7293 6.74927
-21.6422 6.71088
-21.5417 6.74876
-21.4673 6.74995
-21.4014 6.79973
-21.3096 6.76586
-21.1572 6.65313
-21.0871 6.6356
-21.034 6.66238
-20.9805 6.68177
-20.8602 6.65884
-20.8063 6.67879
-20.7259 6.7086
-20.6388 6.68212
-20.5916 6.68008
-20.5358 6.71917
-20.286 6.53216
-20.2212 6.49883
-20.1426 6.51736
-20.0784 6.52181
-19.9998 6.55521
-19.9269 6.56804
-19.8465 6.5645
-19.7396 6.54165
-19.6914 6.57097
-19.6341 6.59862
-19.2689 6.40805
-19.156 6.38198
-19.0751 6.39136
-18.9728 6.38235
-18.866 6.40029
-18.7668 6.37889
-18.6875 6.39989
-18.6024 6.3924
-18.4975 6.4086
-18.4151 6.38221
-18.3143 6.34282
-18.2276 6.30823
-18.1232 6.28358
-18.0344 6.26396
-17.9392 6.27949
-17.8469 6.23588
-17.7478 6.2005
-17.6265 6.16313
-17.5552 6.17373
-17.4448 6.15736
-17.3567 6.12044
-17.2495 6.09699
-17.159 6.06324
-17.0734 6.02023
-16.9847 5.97967
-16.9133 5.97264
-16.8154 5.9016
-16.7284 5.82935
-16.6562 5.81335
-16.5794 5.79924
-16.4761 5.69355
-16.4306 5.63538
-16.3423 5.5524
-16.2835 5.4991
-16.2409 5.39613
-16.2259 5.36228
-16.1297 5.26981
-16.1295 5.16188
-16.0468 5.08211
-15.9983 4.96719
-15.9653 4.91066
-15.9394 4.86788
-15.8765 4.76119
-15.8723 4.67866
-15.7954 4.57884
-15.7524 4.49951
-15.7878 4.40855
-15.7025 4.35227
-15.6534 4.27229
-15.6226 4.16953
-15.5355 4.07064
-15.4845 3.97259
-15.484 3.91551
-15.4382 3.83629
-15.4307 3.74701
-15.3741 3.65433
-15.3202 3.56797
-15.2916 3.48695
-15.2572 3.3995
-15.1987 3.31064
-15.1008 3.17695
-15.0252 3.06471
-15.0219 2.99444
-14.9542 2.88744
-14.9273 2.82437
-14.8797 2.7136
-14.8656 2.68184
-14.8276 2.59678
-14.8452 2.52068
-14.7846 2.4281
-14.7346 2.29223
-14.6864 2.19866
-14.6517 2.08692
-14.6056 2.05233
-14.5617 1.95965
-14.5578 1.86521
-14.4949 1.76807
-14.4681 1.70849
-14.4491 1.59956
-14.4071 1.525
-14.3709 1.40026
-14.3272 1.31782
-14.2848 1.22094
-14.2265 1.14148
-14.1909 1.06365
-14.1254 0.977111
-14.0641 0.921765
-14.0019 0.84695
-13.956 0.754059
-13.9091 0.708932
-13.8415 0.589778
-13.7651 0.530072
-13.7122 0.428476
-13.6637 0.317624
-13.6068 0.212881
-13.5194 0.153303
-13.49 0.0396942
-13.438 -0.0251127
-13.3764 -0.119961
-13.3378 -0.194501
-13.2887 -0.213216
-13.2416 -0.297788
-13.2115 -0.387623
-13.1668 -0.456457
-13.0927 -0.548241
-13.0561 -0.613472
-13.0306 -0.721204
-12.957 -0.791187
-12.9108 -0.890755
-12.8898 -0.965981
-12.8247 -1.07988
-12.791 -1.17572
-12.7435 -1.25164
-12.7186 -1.36016
-12.6654 -1.41601
-12.6476 -1.51779
-12.6209 -1.58793
-12.5534 -1.69086
-12.5227 -1.76718
-12.489 -1.86925
-12.441 -1.95219
-12.3869 -2.04008
-12.35 -2.10466
-12.295 -2.20832
-12.273 -2.29503
-12.2245 -2.38394
-12.1607 -2.50241
-12.1588 -2.57081
-12.0919 -2.68328
-12.0839 -2.75789
-12.0336 -2.80605
-11.991 -2.927
-11.9652 -3.00271
-11.9 -3.11346
-11.9066 -3.18664
-11.9251 -3.25263
-11.8766 -3.34747
-11.8309 -3.42111
-11.8114 -3.48492
-11.7646 -3.59219
-11.6836 -3.71929
-11.6115 -3.80582
-11.5782 -3.88952
-11.5228 -3.93214
-11.4565 -3.99023
-11.3915 -4.0599
-11.3432 -4.11374
-11.2642 -4.19115
-11.1813 -4.23238
-11.1152 -4.33309
-11.0482 -4.43837
-10.9736 -4.50195
-10.9135 -4.54836
-10.8202 -4.58581
-10.721 -4.6916
-10.6529 -4.72364
-10.571 -4.72692
-10.5002 -4.80921
-10.4164 -4.83996
-10.3504 -4.85056
-10.2095 -4.99259
-10.2011 -5.04243
-10.1992 -5.03238
-10.1627 -5.05293
-10.174 -5.061
-10.1615 -5.06761
-10.1471 -5.08179
-10.13 -5.09963
-10.1151 -5.12104
-10.0637 -5.1265
-9.92813 -5.14652
-9.94318 -5.13975
-9.94027 -5.15404
-9.93332 -5.15085
-9.92771 -5.159
-9.93492 -5.15643
-9.93025 -5.1632
-9.92079 -5.17139
-9.92691 -5.17086
-9.92381 -5.17809
-9.76345 -5.30073
-9.75393 -5.31089
-9.73713 -5.31326
-9.74043 -5.32384
-9.73218 -5.32875
-9.7239 -5.32862
-9.73268 -5.3329
-9.73278 -5.32601
-9.73039 -5.32777
-9.73469 -5.32855
-9.69587 -5.347
-9.69734 -5.34623
-9.69169 -5.34557
-9.69483 -5.34601
-9.69772 -5.34857
-9.69215 -5.35076
-9.68872 -5.34862
-9.68118 -5.35002
-9.67434 -5.34731
-9.67237 -5.3434
-9.66822 -5.32077
-9.65447 -5.32105
-9.64058 -5.31757
-9.638 -5.31337
-9.63178 -5.31165
-9.63016 -5.30998
-9.62807 -5.30508
-9.61947 -5.30251
-9.61788 -5.29922
-9.61742 -5.29844
-9.63477 -5.27998
-9.62943 -5.27774
-9.62493 -5.27645
-9.62803 -5.27358
-9.62512 -5.27219
-9.6262 -5.27567
-9.62254 -5.27591
-9.62113 -5.28037
-9.62595 -5.27795
-9.624 -5.27788
-9.65246 -5.27792
-9.65144 -5.27828
-9.64906 -5.27636
-9.64758 -5.27953
-9.6497 -5.28053
-9.65074 -5.28152
-9.64522 -5.28514
-9.64482 -5.27878
-9.65039 -5.28351
-9.64796 -5.28517
-9.66172 -5.2879
-9.65372 -5.29333
-9.65365 -5.29451
-9.65056 -5.29503
-9.65532 -5.29543
-9.65653 -5.29196
-9.64624 -5.29589
-9.65153 -5.29577
-9.65534 -5.29779
-9.65744 -5.29322
-9.65445 -5.25911
-9.64731 -5.26442
-9.6559 -5.26278
-9.6494 -5.26619
-9.65051 -5.26294
-9.65404 -5.26479
-9.65905 -5.26371
-9.65756 -5.26301
-9.65048 -5.2659
-9.65279 -5.26453
-9.66008 -5.26553
-9.66103 -5.26423
-9.66619 -5.26371
-9.66153 -5.26399
-9.66454 -5.26574
-9.67373 -5.26557
-9.66943 -5.26654
-9.6683 -5.26642
-9.67076 -5.26491
-9.66693 -5.26764
-9.66009 -5.26253
-9.65582 -5.26227
-9.65435 -5.2633
-9.66207 -5.26108
-9.66441 -5.2627
-9.65834 -5.26524
-9.66516 -5.26551
-9.66173 -5.26831
-9.66235 -5.2672
-9.66286 -5.26323
-9.66332 -5.26748
-9.6598 -5.27191
-9.65818 -5.27201
-9.65691 -5.2737
-9.65505 -5.27247
-9.65654 -5.27063
-9.66218 -5.26891
-9.65884 -5.26936
-9.65552 -5.2682
-9.65744 -5.27421
-9.653 -5.27316
-9.65652 -5.27353
-9.66221 -5.27592
-9.65835 -5.27243
-9.66484 -5.26667
-9.65279 -5.2681
-9.6422 -5.26489
-9.63328 -5.2564
-9.60734 -5.23958
-9.57952 -5.22409
-9.5784 -5.2164
-9.59206 -5.2226
-9.58419 -5.22037
-9.59007 -5.22105
-9.58244 -5.22242
-9.57651 -5.22486
-9.58331 -5.217
-9.57728 -5.21778
-9.55731 -5.19908
-9.52784 -5.18121
-9.4903 -5.17655
-9.45907 -5.16001
-9.43063 -5.15138
-9.41564 -5.13567
-9.41069 -5.13435
-9.4156 -5.13506
-9.417 -5.13909
-9.40991 -5.13605
-9.40759 -5.13598
-9.40682 -5.13633
-9.39987 -5.1306
-9.39314 -5.13482
-9.39913 -5.12808
-9.39388 -5.13708
-9.4028 -5.12615
-9.39773 -5.13367
-9.39765 -5.13473
-9.40219 -5.13432
-9.39569 -5.1367
-9.39848 -5.13633
-9.38578 -5.12248
-9.39111 -5.12719
-9.39502 -5.12384
-9.38928 -5.12433
-9.3915 -5.12366
-9.39715 -5.1264
-9.3979 -5.12953
-9.38414 -5.13311
-9.39342 -5.12679
-9.39451 -5.12728
-9.38694 -5.12403
-9.38873 -5.11948
-9.37526 -5.11808
-9.35398 -5.1108
-9.31799 -5.10214
-9.29562 -5.09093
-9.2588 -5.08722
-9.23655 -5.07768
-9.20748 -5.06869
-9.17917 -5.05164
-9.15419 -5.02061
-9.10205 -4.99764
-9.0332 -4.95655
-8.96216 -4.91212
-8.84713 -4.88598
-8.73958 -4.84836
-8.6557 -4.79923
-8.57413 -4.7599
-8.48481 -4.71582
-8.35906 -4.70841
-8.28168 -4.63776
-8.21503 -4.57813
-8.15257 -4.5231
-8.07237 -4.46664
-7.9803 -4.42139
-7.883 -4.36907
-7.79817 -4.32405
-7.71189 -4.25928
-7.6267 -4.21247
-7.56833 -4.16386
-7.50382 -4.10536
-7.42013 -4.03967
-7.34339 -3.98036
-7.26432 -3.92947
-7.20058 -3.86767
-7.1369 -3.7961
-7.06216 -3.72722
-6.99804 -3.65418
-6.92828 -3.5881
-6.84457 -3.51442
-6.74953 -3.44661
-6.70846 -3.36267
-6.63605 -3.28841
-6.58905 -3.21003
-6.51585 -3.12163
-6.47732 -3.06076
-6.41502 -2.98204
-6.3377 -2.89435
-6.2805 -2.82253
-6.23654 -2.75883
-6.15813 -2.68391
-6.1088 -2.61069
-6.06107 -2.53166
-6.02454 -2.45328
-5.95152 -2.36966
-5.88697 -2.30287
-5.8399 -2.22451
-5.78984 -2.13296
-5.72771 -2.04599
-5.6823 -1.9612
-5.64214 -1.88606
-5.60385 -1.82284
-5.56875 -1.77391
-5.51725 -1.74799
-5.47409 -1.65307
-5.41883 -1.56451
-5.38208 -1.45146
-5.33986 -1.3928
-5.29562 -1.29922
-5.23491 -1.20537
-5.13506 -1.01464
-5.09707 -0.940682
-5.06121 -0.869224
-5.00222 -0.763986
-4.95567 -0.69207
-4.89733 -0.60116
-4.86766 -0.508737
-4.83361 -0.417476
-4.77016 -0.350449
-4.73872 -0.264254
-4.69552 -0.17291
-4.65016 -0.0914992
-4.60565 0.0128854
-4.55148 0.0988499
-4.52317 0.187115
-4.49151 0.276548
-4.46167 0.369274
-4.416 0.457327
-4.37525 0.535737
-4.34183 0.638629
-4.32004 0.70864
-4.28681 0.779811
-4.27048 0.826684
-4.26454 0.853659
-4.24158 0.856682
-4.24061 0.877582
-4.24415 0.912738
-4.24037 0.927433
-4.23068 0.947397
-4.20599 0.987721
-4.18388 1.04364
-4.17862 1.04671
-4.19188 1.04574
-4.19105 1.03699
-4.19199 1.03527
-4.18986 1.04125
-4.19278 1.03355
-4.19633 1.0394
-4.19362 1.04195
-4.18802 1.05278
-4.20059 1.02567
-4.19306 1.02809
-4.20003 1.0256
-4.19754 1.02807
-4.19471 1.01798
-4.18961 1.02287
-4.19859 1.02787
-4.197 1.02424
-4.19887 1.01786
-4.19388 1.02514
-4.19189 1.02882
-4.20096 1.01877
-4.1999 1.02393
-4.19678 1.01099
-4.19298 1.02207
-4.19466 1.02242
-4.19253 1.01542
-4.20151 1.02361
-4.19152 1.02403
-4.19959 1.01845
-4.20165 1.03621
-4.18936 1.02456
-4.19817 1.02965
-4.19388 1.02453
-4.20386 1.03131
-4.19661 1.02404
-4.18616 1.02343
-4.19102 1.02896
-4.19848 1.03538
-4.19676 1.02701
-4.19365 1.02395
-4.1839 1.01877
-4.18368 1.02241
-4.18556 1.02102
-4.18958 1.02569
-4.18681 1.01841
-4.18683 1.02464
-4.18835 1.01569
-4.193 1.02952
-4.18688 1.03
-4.18503 1.03859
-4.18573 1.02273
-4.18685 1.03859
-4.19122 1.03973
-4.17926 1.03353
-4.18311 1.01539
-4.19218 1.03244
-4.18082 1.03057
-4.18341 1.02669
-4.18356 1.02028
-4.1964 1.01597
-4.19776 1.01724
-4.19861 1.02914
-4.19343 1.01785
-4.19257 1.01771
-4.19516 1.00922
-4.19481 1.02513
-4.19663 1.01879
-4.19272 1.01381
-4.18956 1.01496
-4.19819 1.03113
-4.19791 1.02308
-4.19239 1.02166
-4.19371 1.03542
-4.19782 1.02183
-4.19637 1.02523
-4.19216 1.02538
-4.19198 1.02331
-4.18878 1.02458
-4.19353 1.02898
-4.1954 1.02739
-4.18587 1.0286
-4.19229 1.02186
-4.18858 1.03145
-4.18362 1.03243
-4.19036 1.02377
-4.1881 1.03232
-4.19158 1.02491
-4.19617 1.01375
-4.1938 1.02632
-4.19285 1.02706
-4.19133 1.0175
-4.19576 1.01898
-4.19586 1.02044
-4.18824 1.02645
-4.18765 1.02578
-4.19145 1.01144
-4.19027 1.01755
-4.19567 1.01998
-4.19152 1.0138
