5.52376e-06,-9.77559e-05,0.15658,0.0214158,-0.00287794,0.159409
5.52376e-06,-9.77559e-05,0.15658,0.013244,0.0177779,0.155232
5.52376e-06,-9.77559e-05,0.15658,0.0142047,0.0169045,0.153121
5.52376e-06,-9.77559e-05,0.15658,0.0125132,-0.0133261,0.168887
5.52376e-06,-9.77559e-05,0.15658,0.00918855,0.0139707,0.15705
5.52376e-06,-9.77559e-05,0.15658,0.00499785,0.0100457,0.159343
5.52376e-06,-9.77559e-05,0.15658,0.00783065,0.0143284,0.153574
5.52376e-06,-9.77559e-05,0.15658,0.0104799,0.0242685,0.153514
5.52376e-06,-9.77559e-05,0.15658,0.0061783,0.0163562,0.156669
5.52376e-06,-9.77559e-05,0.15658,0.0242377,-0.00520561,0.155522
5.52376e-06,-9.77559e-05,0.15658,0.0181915,0.0142148,0.157733
5.52376e-06,-9.77559e-05,0.15658,0.00324074,0.0133115,0.159131
5.52376e-06,-9.77559e-05,0.15658,0.0183033,0.0200176,0.154052
5.52376e-06,-9.77559e-05,0.15658,0.0209467,0.0140341,0.158494
5.52376e-06,-9.77559e-05,0.15658,0.0136504,0.0102024,0.155529
5.52376e-06,-9.77559e-05,0.15658,0.0236016,0.0192749,0.156188
5.52376e-06,-9.77559e-05,0.15658,0.016878,0.0140996,0.152451
5.52376e-06,-9.77559e-05,0.15658,0.0165698,0.0127848,0.153364
5.52376e-06,-9.77559e-05,0.15658,0.0104114,0.00567877,0.159841
5.52376e-06,-9.77559e-05,0.15658,0.0162998,0.0180928,0.155735
5.52376e-06,-9.77559e-05,0.15658,0.00756254,0.0171899,0.153823
5.52376e-06,-9.77559e-05,0.15658,0.0214808,0.0117178,0.156044
5.52376e-06,-9.77559e-05,0.15658,0.0113325,0.0205344,0.15484
5.52376e-06,-9.77559e-05,0.15658,0.0126718,0.0232058,0.152315
5.52376e-06,-9.77559e-05,0.15658,0.0116247,0.0176385,0.152605
5.52376e-06,-9.77559e-05,0.15658,0.017263,0.00608278,0.155956
5.52376e-06,-9.77559e-05,0.15658,0.0235248,0.00910445,0.159426
5.52376e-06,-9.77559e-05,0.15658,0.0248908,-0.0109091,0.156178
5.52376e-06,-9.77559e-05,0.15658,0.0171486,0.0217895,0.152284
5.52376e-06,-9.77559e-05,0.15658,0.0183788,0.0177034,0.155583
5.52376e-06,-9.77559e-05,0.15658,0.0234243,-0.0137239,0.158385
5.52376e-06,-9.77559e-05,0.15658,0.00322911,0.0253438,0.157047
5.52376e-06,-9.77559e-05,0.15658,0.0184284,0.0177159,0.155818
5.52376e-06,-9.77559e-05,0.15658,0.0054367,0.0118605,0.159276
5.52376e-06,-9.77559e-05,0.15658,0.0169106,-0.00902315,0.158434
5.52376e-06,-9.77559e-05,0.15658,0.0182736,0.0100221,0.155006
5.52376e-06,-9.77559e-05,0.15658,0.01028,-0.00189188,0.159164
5.52376e-06,-9.77559e-05,0.15658,0.00571202,0.00895339,0.159105
5.52376e-06,-9.77559e-05,0.15658,0.00986111,0.00567385,0.157828
5.52376e-06,-9.77559e-05,0.15658,0.0131425,0.0178613,0.152093
5.52376e-06,-9.77559e-05,0.15658,0.0236782,-0.00515468,0.155516
5.52376e-06,-9.77559e-05,0.15658,0.0156022,0.0127881,0.155222
5.52376e-06,-9.77559e-05,0.15658,0.0169044,0.0159284,0.152698
5.52376e-06,-9.77559e-05,0.15658,0.00470147,0.0202926,0.15918
5.52376e-06,-9.77559e-05,0.15658,0.0255049,-0.0199558,0.160585
5.52376e-06,-9.77559e-05,0.15658,0.00927874,0.0172929,0.154438
5.52376e-06,-9.77559e-05,0.15658,0.0127432,-0.0153201,0.166868
5.52376e-06,-9.77559e-05,0.15658,0.0140319,0.00361105,0.157963
5.52376e-06,-9.77559e-05,0.15658,0.00974562,0.0183741,0.156375
5.52376e-06,-9.77559e-05,0.15658,0.00447582,0.0121839,0.159156
-1.4231e-05,-0.000100878,0.157104,0.0179341,-0.00293559,0.158862
-0.00500196,-0.00184073,0.159373,-0.0237702,-0.00950266,0.161697
-0.00934526,-0.00372502,0.164085,0.00113281,0.0107381,0.16459
-0.0103867,-0.00396537,0.182586,0.010643,-0.0114173,0.187718
-0.0130226,-0.00707487,0.239832,0.00285065,-0.0135837,0.246248
-0.0116865,-0.00982712,0.24272,-0.0130777,-0.020121,0.241495
-0.012363,-0.0128489,0.39538,-0.00388346,-0.0150729,0.396989
-0.00565699,-0.00810629,0.489358,-0.00117549,-0.015659,0.495592
-0.00545731,-0.00827935,0.588493,-0.0138168,0.0300617,0.587441
-0.00397393,-0.00982887,0.713399,0.00663048,0.0136404,0.713381
-0.00289448,-0.00774005,0.881057,-4.76308e-05,0.00660082,0.880787
-0.00253754,-0.00631018,0.987206,0.00385937,0.0201283,0.975332
-0.0022229,-0.00763968,1.10689,-0.00842192,-0.0195288,1.10647
-0.00114978,-0.010048,1.26348,0.00184208,0.00996896,1.26561
-0.0032006,-0.00364139,1.38195,-0.00410205,0.0400241,1.37883
-0.00216567,-0.00454848,1.52158,0.00606617,-0.00944638,1.52212
-0.00504084,-0.00399221,1.64649,-0.00132817,-0.0206112,1.64571
-0.00803295,-0.00348132,1.78172,0.000570422,-0.00524835,1.78192
-0.00660274,-0.00438485,1.89969,-0.0131395,0.00755886,1.90231
-0.0109413,-0.000730828,2.04184,-0.0167993,-0.0100302,2.03985
-0.0116956,-0.000228155,2.19955,-0.00406255,0.00268748,2.20082
-0.0161623,0.000879719,2.31822,-0.0208826,0.0103094,2.31736
-0.0142023,0.00101448,2.4369,-0.0262923,0.00399353,2.43746
-0.0222482,0.00127044,2.56619,-0.0294882,0.0207785,2.56676
-0.0244908,0.00235855,2.69518,-0.0318752,0.0242255,2.69731
-0.0233591,0.00319558,2.87316,-0.0199261,-0.00693134,2.87375
-0.0297332,0.00349864,3.02112,-0.0221111,-0.00656407,3.02107
-0.0318152,0.00191862,3.11778,-0.0398972,0.0237501,3.11985
-0.0315218,0.00185165,-3.13442,-0.0520527,0.0218758,-3.13587
-0.0317418,0.00182064,-3.14001,-0.0476317,0.0279121,-3.13884
-0.0349818,0.00184976,-3.1414,-0.047794,0.0296798,-3.13822
-0.0511417,0.00163782,3.14143,-0.0631599,0.0223782,3.14333
-0.100932,0.00165829,-3.14018,-0.108072,0.0319614,-3.13761
-0.166092,0.00151275,-3.13896,-0.167482,0.00452519,-3.14001
-0.222002,0.00151101,3.13969,-0.233206,0.0167429,3.14121
-0.295679,0.000786874,3.13947,-0.286848,0.0132335,3.14161
-0.347069,0.000875483,3.14051,-0.345182,0.000619962,3.14088
-0.402689,0.000710834,-3.12853,-0.409688,0.0144404,-3.12675
-0.47659,-0.00151031,-3.11295,-0.478132,0.00326132,-3.11354
-0.539459,-0.00387029,-3.1039,-0.529886,-0.00081728,-3.1041
-0.582173,-0.00561297,-3.0957,-0.585022,0.00687661,-3.09385
-0.643985,-0.00851819,-3.09273,-0.651952,-0.00541182,-3.09331
-0.708043,-0.0133884,-3.08944,-0.723386,-0.016559,-3.09209
-0.768666,-0.0166246,-3.08664,-0.762004,-0.00641086,-3.08494
-0.819569,-0.0194396,-3.08507,-0.812995,-0.00507672,-3.08132
-0.881911,-0.0229244,-3.08577,-0.8885,-0.0190625,-3.08685
-0.945156,-0.029611,-3.08425,-0.93832,-0.0175041,-3.08427
-1.00638,-0.0332263,-3.07989,-0.999675,-0.028196,-3.07988
-1.06012,-0.0366367,-3.07727,-1.05425,-0.0381322,-3.07614
-1.11959,-0.0444826,-3.07341,-1.11052,-0.0326284,-3.07421
-1.18134,-0.0487179,-3.07236,-1.17993,-0.0384859,-3.07026
-1.25284,-0.0537279,-3.07061,-1.27067,-0.0819712,-3.07391
-1.29845,-0.0570063,-3.06904,-1.29119,-0.0306905,-3.06536
-1.36108,-0.0662445,-3.06562,-1.38551,-0.0837287,-3.06395
-1.43134,-0.0716474,-3.06511,-1.45407,-0.0910461,-3.06516
-1.48888,-0.0760435,-3.06574,-1.51375,-0.0954957,-3.06591
-1.54836,-0.0840747,-3.05801,-1.57007,-0.0928212,-3.05683
-1.61631,-0.0900194,-3.04563,-1.62474,-0.0968641,-3.04441
-1.66763,-0.0951386,-3.03842,-1.68945,-0.104709,-3.03602
-1.72806,-0.101567,-3.03231,-1.75964,-0.111576,-3.02904
-1.77973,-0.109389,-3.02939,-1.80156,-0.115779,-3.02343
-1.85044,-0.11742,-3.02766,-1.84898,-0.118084,-3.02981
-1.90777,-0.123982,-3.02759,-1.93104,-0.135754,-3.02795
-1.954,-0.131205,-3.02673,-1.94864,-0.131164,-3.03166
-2.02666,-0.139778,-3.02745,-2.0544,-0.147109,-3.03109
-2.07723,-0.145542,-3.02914,-2.1017,-0.151496,-3.03221
-2.1388,-0.152451,-3.03013,-2.15918,-0.157237,-3.0313
-2.18509,-0.158922,-3.03056,-2.21546,-0.158115,-3.02621
-2.24761,-0.165868,-3.03161,-2.28931,-0.167548,-3.0339
-2.31023,-0.172724,-3.03335,-2.3369,-0.175851,-3.035
-2.36979,-0.180237,-3.03348,-2.40751,-0.177224,-3.03501
-2.42198,-0.185958,-3.03572,-2.45194,-0.189113,-3.03873
-2.49349,-0.193512,-3.03747,-2.52159,-0.194779,-3.03836
-2.54717,-0.199101,-3.03799,-2.58292,-0.202998,-3.03489
-2.60484,-0.205902,-3.04096,-2.62399,-0.204542,-3.0357
-2.67107,-0.212542,-3.04311,-2.70861,-0.216029,-3.04414
-2.72222,-0.217576,-3.04393,-2.75194,-0.222095,-3.04811
-2.79076,-0.224953,-3.04362,-2.80965,-0.225364,-3.04311
-2.8327,-0.228892,-3.04474,-2.83625,-0.212335,-3.03855
-2.93401,-0.238844,-3.04219,-2.93369,-0.224524,-3.0412
-2.96922,-0.242357,-3.042,-2.9934,-0.242323,-3.03369
-3.04648,-0.25034,-3.04469,-3.0598,-0.248087,-3.03638
-3.15694,-0.260854,-3.04754,-3.17064,-0.253523,-3.03754
-3.29035,-0.273954,-3.04871,-3.30205,-0.243989,-3.03738
-3.37526,-0.281862,-3.05032,-3.41641,-0.262964,-3.04351
-3.43941,-0.287671,-3.05084,-3.45751,-0.261913,-3.04062
-3.47892,-0.291429,-3.05184,-3.49447,-0.259146,-3.04033
-3.53696,-0.296614,-3.05299,-3.56359,-0.301025,-3.05153
-3.59959,-0.302157,-3.05474,-3.61227,-0.308226,-3.05251
-3.65946,-0.307352,-3.05562,-3.67424,-0.311741,-3.05187
-3.71801,-0.312841,-3.05427,-3.7213,-0.312598,-3.05278
-3.75995,-0.316515,-3.05479,-3.78784,-0.322932,-3.0512
-3.83721,-0.323204,-3.05601,-3.86031,-0.32555,-3.0533
-3.88492,-0.32764,-3.05554,-3.91058,-0.324233,-3.05285
-3.93996,-0.332427,-3.05587,-3.97144,-0.332452,-3.05578
-4.0619,-0.342975,-3.05587,-4.06139,-0.34063,-3.05243
-4.1413,-0.350551,-3.05634,-4.13414,-0.335567,-3.05115
-4.2247,-0.357953,-3.05337,-4.25607,-0.360523,-3.0518
-4.28927,-0.363631,-3.05215,-4.30442,-0.359756,-3.05197
-4.34198,-0.368868,-3.05216,-4.36933,-0.369234,-3.0517
-4.47445,-0.38074,-3.04682,-4.50518,-0.375777,-3.04647
-4.5516,-0.388351,-3.04652,-4.58056,-0.38596,-3.0423
-4.60765,-0.393653,-3.04771,-4.64109,-0.369792,-3.04039
-4.65964,-0.398571,-3.04652,-4.67961,-0.39702,-3.04459
-4.72074,-0.404419,-3.04521,-4.73871,-0.42978,-3.04651
-4.78141,-0.410609,-3.04543,-4.79527,-0.416261,-3.04516
-4.83544,-0.415774,-3.047,-4.85576,-0.405793,-3.04648
-4.89606,-0.421511,-3.04799,-4.90879,-0.434876,-3.05169
-4.95475,-0.427241,-3.04834,-4.97544,-0.445309,-3.05071
-5.02137,-0.433425,-3.0505,-5.03434,-0.446418,-3.05439
-5.12388,-0.44282,-3.04988,-5.13639,-0.454036,-3.05219
-5.25947,-0.455589,-3.0522,-5.25347,-0.437366,-3.04767
-5.43693,-0.47134,-3.05494,-5.45024,-0.445111,-3.03985
-5.68605,-0.493494,-3.05434,-5.69761,-0.480063,-3.04973
-5.81782,-0.504987,-3.05815,-5.83792,-0.465649,-3.04783
-5.96499,-0.517961,-3.05495,-5.98186,-0.495805,-3.04673
-6.02947,-0.523569,-3.05533,-6.06551,-0.509303,-3.04014
-6.07231,-0.527282,-3.05314,-6.10654,-0.510014,-3.04157
-6.13824,-0.533728,-3.04069,-6.15165,-0.519876,-3.03462
-6.20637,-0.541243,-3.01871,-6.22058,-0.522298,-3.01599
-6.25439,-0.547459,-3.00088,-6.27495,-0.534369,-2.99676
-6.3033,-0.555163,-2.97958,-6.33031,-0.540941,-2.97146
-6.36422,-0.566096,-2.94955,-6.39716,-0.552657,-2.94313
-6.43741,-0.581146,-2.92668,-6.44746,-0.565454,-2.92261
-6.49103,-0.593219,-2.91239,-6.50039,-0.579782,-2.90914
-6.57275,-0.613761,-2.89745,-6.56903,-0.598539,-2.89616
-6.67973,-0.640834,-2.88652,-6.67716,-0.626381,-2.88338
-6.74163,-0.657859,-2.88432,-6.76958,-0.670314,-2.89151
-6.79057,-0.670728,-2.8825,-6.81285,-0.682929,-2.89299
-6.88036,-0.694541,-2.8825,-6.90664,-0.695905,-2.88491
-7.01056,-0.729922,-2.88126,-7.04831,-0.72504,-2.8719
-7.24083,-0.79136,-2.88473,-7.24257,-0.782859,-2.8883
-7.39699,-0.832985,-2.87653,-7.43852,-0.829429,-2.88011
-7.52306,-0.86765,-2.87455,-7.56072,-0.848489,-2.86639
-7.57417,-0.88165,-2.87315,-7.61284,-0.864514,-2.86901
-7.59673,-0.887859,-2.87315,-7.62282,-0.875908,-2.85998
-7.59378,-0.88705,-2.87437,-7.61909,-0.872055,-2.86184
-7.59315,-0.886878,-2.8735,-7.63223,-0.873077,-2.86886
-7.59182,-0.886532,-2.8735,-7.61434,-0.87053,-2.86461
-7.58883,-0.885509,-2.87594,-7.62381,-0.872615,-2.86818
-7.58772,-0.884385,-2.892,-7.62249,-0.875594,-2.88955
-7.58769,-0.884306,-2.92848,-7.62197,-0.874463,-2.92862
-7.58762,-0.884416,-2.96862,-7.61629,-0.854408,-2.96334
-7.57879,-0.881995,-3.00565,-7.61411,-0.850109,-3.00167
-7.57879,-0.882056,-3.03863,-7.62277,-0.846279,-3.03108
-7.57875,-0.882081,-3.08122,-7.62073,-0.850968,-3.07993
-7.57865,-0.882037,-3.12223,-7.62013,-0.848395,-3.11653
-7.5785,-0.882006,3.12465,-7.61975,-0.843609,3.12488
-7.5737,-0.880549,3.04083,-7.61699,-0.853687,3.05429
-7.57377,-0.880645,2.90609,-7.61227,-0.850494,2.90652
-7.5707,-0.880009,2.79025,-7.61682,-0.840888,2.79867
-7.57077,-0.880174,2.75531,-7.62183,-0.835135,2.75926
-7.57068,-0.880153,2.73523,-7.61768,-0.83597,2.73923
-7.57059,-0.880222,2.67558,-7.6173,-0.890568,2.66034
-7.57006,-0.879707,2.52348,-7.57004,-0.842696,2.53094
-7.57045,-0.87977,2.42124,-7.56824,-0.841303,2.40395
-7.56995,-0.878839,2.36267,-7.61495,-0.884396,2.33996
-7.56942,-0.87908,2.32448,-7.60763,-0.863526,2.29648
-7.56873,-0.879344,2.24486,-7.56359,-0.841127,2.23753
-7.56825,-0.878613,2.11136,-7.56174,-0.841415,2.11325
-7.56825,-0.878687,1.98192,-7.55798,-0.841236,1.98812
-7.56787,-0.878363,1.8667,-7.54938,-0.841673,1.8684
-7.56786,-0.878379,1.73092,-7.55678,-0.834879,1.7309
-7.56604,-0.877727,1.58183,-7.56895,-0.881065,1.58044
-7.56608,-0.877705,1.48304,-7.55254,-0.838015,1.47964
-7.56612,-0.877676,1.35849,-7.55615,-0.833335,1.35444
-7.56401,-0.877238,1.2276,-7.56197,-0.846728,1.22555
-7.56264,-0.876934,1.11386,-7.53747,-0.840907,1.10857
-7.56273,-0.876933,0.955277,-7.57203,-0.86031,0.954546
-7.56128,-0.876462,0.852908,-7.54122,-0.844039,0.848389
-7.56136,-0.876387,0.72482,-7.5314,-0.8444,0.721635
-7.55991,-0.876081,0.596301,-7.54246,-0.85438,0.593421
-7.55999,-0.876005,0.467072,-7.5496,-0.869956,0.459263
-7.55868,-0.875725,0.354769,-7.5654,-0.833829,0.349614
-7.55698,-0.875559,0.240872,-7.54964,-0.815331,0.234279
-7.55692,-0.87548,0.15898,-7.55502,-0.875731,0.159236
-7.55685,-0.875402,0.0774962,-7.5377,-0.880014,0.0794731
-7.55636,-0.875789,-0.00475003,-7.53988,-0.884609,-0.0033651
-7.5563,-0.875711,-0.0866457,-7.54787,-0.850444,-0.092197
-7.55624,-0.875633,-0.168262,-7.54686,-0.868916,-0.168901
-7.55576,-0.875732,-0.250523,-7.55323,-0.870184,-0.250664
-7.5557,-0.875655,-0.331895,-7.5316,-0.873043,-0.330892
-7.55563,-0.875576,-0.413665,-7.54379,-0.874858,-0.418721
-7.55563,-0.875833,-0.495458,-7.56565,-0.882035,-0.493688
-7.55557,-0.875755,-0.57722,-7.55184,-0.863538,-0.579642
-7.55662,-0.876113,-0.65969,-7.55347,-0.887163,-0.65454
-7.55644,-0.876175,-0.691855,-7.55279,-0.8864,-0.693113
-7.55506,-0.877042,-0.68509,-7.54987,-0.885044,-0.688647
-7.55804,-0.878457,-0.621603,-7.56526,-0.889314,-0.622984
-7.56077,-0.879758,-0.563268,-7.55855,-0.893453,-0.562295
-7.56351,-0.88106,-0.504898,-7.56053,-0.889317,-0.504821
-7.56626,-0.882362,-0.446484,-7.56199,-0.882252,-0.447875
-7.569,-0.883666,-0.388009,-7.54659,-0.887396,-0.388199
-7.5481,-0.885519,-0.329794,-7.55618,-0.885002,-0.321747
-7.55084,-0.886822,-0.271389,-7.50901,-0.876897,-0.272889
-7.55359,-0.888127,-0.212876,-7.51789,-0.917072,-0.215333
-7.53633,-0.888442,-0.15373,-7.50608,-0.863127,-0.158815
-7.53905,-0.889741,-0.0955925,-7.51418,-0.865795,-0.103415
-7.5418,-0.891049,-0.0370844,-7.54308,-0.881397,-0.0368896
-7.5449,-0.892553,0.0122475,-7.54398,-0.883252,0.0106897
-7.52179,-0.889066,0.0134306,-7.51988,-0.871942,0.0108403
-7.48657,-0.888478,0.0135881,-7.46748,-0.86641,0.0123812
-7.45703,-0.887981,0.0135093,-7.43764,-0.862721,0.00575955
-7.42028,-0.887363,0.0134113,-7.40042,-0.904778,0.0136902
-7.38342,-0.886743,0.013313,-7.3832,-0.849402,0.0095653
-7.34664,-0.886124,0.0132149,-7.33182,-0.864463,0.00910401
-7.30982,-0.885505,0.0131167,-7.31818,-0.90316,0.0151779
-7.27826,-0.884952,0.0131412,-7.27153,-0.86029,0.00551147
-7.24128,-0.884325,0.0130426,-7.24547,-0.866863,0.00749285
-7.20451,-0.883702,0.0129446,-7.18965,-0.863974,0.007986
-7.16773,-0.883079,0.0128465,-7.15471,-0.862011,0.00977443
-7.12961,-0.882453,0.0127573,-7.12606,-0.84945,0.00463698
-7.06911,-0.882068,0.0101909,-7.04536,-0.85793,0.00745134
-7.01059,-0.881539,0.00870032,-7.00975,-0.87195,0.0086082
-6.95035,-0.881031,0.00714971,-6.93319,-0.872948,0.00669727
-6.89097,-0.880531,0.0056211,-6.87302,-0.86413,0.00404786
-6.82341,-0.880111,0.00434309,-6.81313,-0.872636,0.00466782
-6.78285,-0.879933,0.00391833,-6.80672,-0.878682,0.00492508
-6.70726,-0.879699,0.00222898,-6.69986,-0.865388,0.00148797
-6.64222,-0.87961,-0.000501175,-6.63509,-0.885022,0.00267291
-6.5929,-0.879645,-0.00137383,-6.58058,-0.876771,-0.000226889
-6.53745,-0.879774,-0.00311913,-6.52676,-0.869642,-0.00334231
-6.46672,-0.880048,-0.00538808,-6.45614,-0.868817,-0.00314269
-6.41447,-0.880533,-0.00735975,-6.39871,-0.856656,-0.00739926
-6.35715,-0.881009,-0.00927962,-6.32145,-0.896118,-0.00698594
-6.28973,-0.881676,-0.011025,-6.28344,-0.877459,-0.0107664
-6.23405,-0.882331,-0.0118976,-6.22982,-0.8645,-0.0131155
-6.17736,-0.883007,-0.0124199,-6.1704,-0.858955,-0.0144964
-6.10411,-0.883941,-0.0139381,-6.09953,-0.915366,-0.0107939
-6.05928,-0.884561,-0.0129435,-6.05022,-0.869398,-0.0144376
-5.98951,-0.88559,-0.0137201,-5.99084,-0.876381,-0.012685
-5.909,-0.886862,-0.0177104,-5.86778,-0.877323,-0.0201496
-5.8559,-0.887768,-0.0135456,-5.84906,-0.858292,-0.0166661
-5.78516,-0.889521,-0.0151889,-5.77454,-0.858457,-0.0178684
-5.73799,-0.890241,-0.0157125,-5.74088,-0.872956,-0.0182563
-5.66313,-0.891498,-0.0185995,-5.66696,-0.870733,-0.0181118
-5.61257,-0.892464,-0.0197267,-5.61183,-0.862478,-0.0227489
-5.52052,-0.894881,-0.0227013,-5.50063,-0.922079,-0.0197991
-5.46009,-0.896417,-0.0261251,-5.45833,-0.865863,-0.0267555
-5.38887,-0.898528,-0.029679,-5.37448,-0.866706,-0.0348113
-5.33449,-0.900202,-0.0281353,-5.31706,-0.866742,-0.0327583
-5.25679,-0.902546,-0.0307533,-5.25136,-0.879413,-0.0342346
-5.1521,-0.905966,-0.03048,-5.16457,-0.888211,-0.0340454
-4.96436,-0.912396,-0.0283384,-4.95378,-0.928735,-0.0267201
-4.86789,-0.91534,-0.025392,-4.85215,-0.900311,-0.0258133
-4.81206,-0.916876,-0.0287081,-4.79657,-0.905433,-0.027434
-4.7599,-0.918435,-0.0313261,-4.75059,-0.905065,-0.0329471
-4.6964,-0.921005,-0.0279155,-4.69275,-0.912121,-0.0297075
-4.64131,-0.922292,-0.0170673,-4.63309,-0.919333,-0.0180874
-4.57175,-0.922865,0.00631469,-4.56791,-0.918113,0.00236022
-4.51521,-0.922068,0.0253442,-4.50953,-0.919785,0.0226798
-4.4503,-0.921532,0.0473141,-4.45912,-0.919984,0.0463489
-4.40324,-0.919073,0.0598803,-4.39714,-0.915277,0.0593584
-4.34083,-0.915093,0.0698287,-4.33977,-0.912668,0.0697204
-4.28455,-0.910806,0.0850131,-4.27898,-0.90235,0.0848837
-4.23387,-0.907118,0.103997,-4.23119,-0.892206,0.101034
-4.15706,-0.898148,0.13495,-4.16336,-0.880232,0.130424
-4.10763,-0.890966,0.1588,-4.09801,-0.886693,0.158377
-4.03908,-0.879889,0.183928,-4.03949,-0.875697,0.180154
-4.00066,-0.872594,0.192118,-3.99156,-0.855312,0.189102
-3.93937,-0.86035,0.203463,-3.9311,-0.838532,0.201218
-3.86876,-0.845963,0.209102,-3.87103,-0.828463,0.208651
-3.82446,-0.83681,0.212311,-3.81752,-0.821963,0.212504
-3.75449,-0.821608,0.215279,-3.74359,-0.800221,0.211641
-3.70179,-0.810096,0.21458,-3.69523,-0.784972,0.20607
-3.6497,-0.798933,0.21503,-3.63912,-0.780138,0.208936
-3.58144,-0.784028,0.21503,-3.5712,-0.762924,0.206792
-3.5041,-0.76721,0.212857,-3.50733,-0.746477,0.203708
-3.46874,-0.759551,0.213634,-3.46317,-0.746738,0.20857
-3.31564,-0.726894,0.213249,-3.28731,-0.710121,0.207043
-3.14077,-0.689478,0.212243,-3.10807,-0.676732,0.207463
-2.98446,-0.655944,0.213328,-2.99682,-0.652213,0.209091
-2.92543,-0.643789,0.213817,-2.907,-0.635451,0.216108
-2.86991,-0.631778,0.213294,-2.85302,-0.618741,0.20848
-2.80828,-0.61847,0.212596,-2.79592,-0.606174,0.20551
-2.7423,-0.604583,0.214644,-2.72337,-0.593378,0.209983
-2.6697,-0.588943,0.214972,-2.6672,-0.583159,0.218952
-2.54447,-0.561717,0.213253,-2.54589,-0.556237,0.209148
-2.39921,-0.53022,0.214391,-2.39464,-0.528303,0.213972
-2.16573,-0.480416,0.211335,-2.13214,-0.480715,0.210955
-2.00736,-0.446533,0.21375,-2.01008,-0.433511,0.210772
-1.92514,-0.42869,0.213499,-1.92881,-0.40858,0.20708
-1.85237,-0.412926,0.214197,-1.8211,-0.41939,0.213966
-1.68963,-0.377528,0.211801,-1.67231,-0.376337,0.210457
-1.46371,-0.329308,0.212514,-1.45695,-0.340351,0.21221
-1.34218,-0.302784,0.219661,-1.32924,-0.292728,0.216014
-1.27046,-0.28708,0.21912,-1.25564,-0.283854,0.21744
-1.17764,-0.266388,0.219294,-1.17556,-0.267093,0.219078
-1.11726,-0.253099,0.221054,-1.09132,-0.246087,0.21831
-1.02932,-0.233409,0.220433,-1.02493,-0.22995,0.218278
-0.977854,-0.221855,0.221054,-0.96617,-0.220196,0.220513
-0.883829,-0.201695,0.216253,-0.864832,-0.191221,0.213224
-0.716337,-0.165165,0.214508,-0.719652,-0.149432,0.202719
-0.538597,-0.126816,0.219726,-0.530555,-0.131475,0.219392
-0.416602,-0.0991207,0.226881,-0.394325,-0.090288,0.220448
-0.346549,-0.0833669,0.225122,-0.33963,-0.0736187,0.218339
-0.292183,-0.070971,0.223763,-0.28646,-0.0741769,0.221111
-0.250507,-0.0614993,0.222853,-0.236684,-0.0554704,0.219632
-0.189331,-0.0481831,0.222204,-0.168871,-0.0385171,0.21551
-0.119341,-0.0323887,0.221157,-0.114748,-0.040626,0.220863
-0.0763046,-0.0227158,0.220983,-0.0575158,-0.0317621,0.220203
-0.00500209,-0.0075129,0.218935,-0.00277648,-0.0123794,0.214264
0.0482867,0.00433968,0.21855,0.0558142,-0.00470102,0.215825
0.0915787,0.0139229,0.217678,0.114331,0.00429727,0.216024
0.153032,0.0274748,0.215234,0.168652,0.017913,0.214304
0.195961,0.0364826,0.217996,0.20457,0.0224758,0.218136
0.202989,0.0380037,0.219218,0.215704,0.0249931,0.218884
0.195199,0.0347648,0.230912,0.209603,0.017244,0.233774
0.190582,0.0319641,0.256568,0.189963,0.0350541,0.257701
0.189008,0.029947,0.311022,0.207527,0.00272757,0.318715
0.186691,0.0253886,0.429879,0.205253,0.0071073,0.428192
0.19364,0.0264153,0.52179,0.209171,0.0253545,0.523863
0.192789,0.0214838,0.623718,0.209073,0.0263894,0.625451
0.197099,0.0273872,0.723598,0.204757,0.0129264,0.725821
0.200413,0.0338661,0.768342,0.204691,0.0220518,0.770207
0.200562,0.0316731,0.780385,0.21894,0.0358055,0.780006
0.201184,0.0277342,0.821575,0.204746,0.0130215,0.824173
0.201411,0.0260783,0.897322,0.206319,0.0269739,0.897375
0.203299,0.0372757,0.931057,0.200511,0.0295438,0.931508
0.203632,0.0357327,0.984464,0.197335,0.0130958,0.983539
0.204476,0.0324435,1.06423,0.194274,0.0180325,1.06373
0.204259,0.0351505,1.11261,0.196236,0.0149462,1.11408
0.203354,0.0409744,1.14394,0.195065,0.0337106,1.14694
0.204704,0.0376531,1.1757,0.199402,0.0331921,1.17518
0.207073,0.0323481,1.24344,0.224057,0.0383525,1.24937
0.208498,0.0298998,1.3265,0.195948,0.0244491,1.32583
0.206341,0.0512031,1.40337,0.222589,0.0584126,1.40571
0.207311,0.0501351,1.44682,0.196533,0.0574768,1.4473
0.208563,0.0486231,1.50869,0.218983,0.0591662,1.51095
0.20229,0.0576151,1.56692,0.214692,0.0594198,1.567
0.202953,0.0568242,1.60439,0.278945,0.0715851,1.61502
0.205344,0.0548851,1.66495,0.209677,0.076488,1.666
0.208627,0.0522071,1.73476,0.20456,0.0472714,1.73455
0.197765,0.0642539,1.77452,0.196787,0.100192,1.77292
0.197803,0.0642482,1.77355,0.194747,0.0923438,1.77334
0.197624,0.0646199,1.77425,0.191288,0.0904371,1.77284
0.197525,0.0650488,1.77425,0.189175,0.098635,1.77242
0.197501,0.0651663,1.77425,0.191956,0.101413,1.77317
0.197497,0.0651859,1.77425,0.189463,0.107947,1.77284
0.199962,0.0569345,1.77582,0.238101,0.109937,1.78082
0.203448,0.0498889,1.77948,0.190082,0.090191,1.7756
0.20772,0.0438527,1.79379,0.236663,0.0409184,1.79569
0.211609,0.0405934,1.83516,0.214874,0.0172699,1.83536
0.216278,0.0388237,1.94878,0.219358,0.0326127,1.94875
0.208309,0.0440306,2.05064,0.19728,0.0396238,2.04983
0.210957,0.0433567,2.08353,0.216248,0.0485989,2.08548
0.197348,0.0532074,2.17575,0.190939,0.0552939,2.1762
0.197486,0.0532535,2.22054,0.231775,0.0658077,2.22643
0.202158,0.053093,2.285,0.199397,0.0603395,2.28651
0.200267,0.0553195,2.38289,0.193982,0.0628091,2.3833
0.192498,0.0603898,2.56931,0.174699,0.0632396,2.56814
0.183588,0.0623365,2.66855,0.178542,0.0878686,2.67448
0.185616,0.0635369,2.72598,0.18016,0.0684707,2.72685
0.186997,0.0643718,2.76342,0.188008,0.0738818,2.76531
0.190441,0.0659816,2.87055,0.187139,0.0588761,2.86987
0.176672,0.0662758,3.01934,0.175373,0.069901,3.02206
0.169759,0.0623384,-3.05751,0.153895,0.0437576,-3.06123
0.169178,0.0626645,-2.98417,0.16849,0.0641693,-2.9865
0.170324,0.06514,-2.81177,0.165751,0.0550074,-2.81807
0.163285,0.0596576,-2.66926,0.183803,0.0471768,-2.67205
0.163211,0.061407,-2.5273,0.175294,0.0479335,-2.52864
0.16082,0.0574779,-2.38455,0.150212,0.0431924,-2.37885
0.160894,0.0538322,-2.2413,0.154283,0.0560035,-2.23925
0.160817,0.0555822,-2.09929,0.142836,0.0558818,-2.1006
0.163616,0.0519751,-1.95603,0.161506,0.0387304,-1.96112
0.163476,0.0473196,-1.78837,0.177549,0.0415153,-1.79025
0.161925,0.0490125,-1.6244,0.169716,0.0590406,-1.62339
0.168295,0.00524211,-1.57992,0.165347,-0.00642002,-1.57875
0.171029,-0.0231402,-1.57448,0.158959,-0.0266708,-1.57627
0.174456,-0.0587229,-1.56766,0.194441,-0.0657874,-1.56512
0.177863,-0.094088,-1.56088,0.191633,-0.0876736,-1.56256
0.181283,-0.129593,-1.55407,0.177659,-0.138706,-1.55555
0.184702,-0.165092,-1.54726,0.180138,-0.160703,-1.54665
0.194271,-0.19868,-1.53869,0.178946,-0.1897,-1.53866
0.197756,-0.234201,-1.53188,0.20279,-0.230625,-1.531
0.201236,-0.269678,-1.52507,0.199644,-0.275166,-1.52638
0.204728,-0.305267,-1.51825,0.195962,-0.313262,-1.51858
0.208226,-0.340922,-1.51141,0.198403,-0.335249,-1.50395
0.211695,-0.376281,-1.50463,0.207817,-0.385967,-1.50407
0.218686,-0.408109,-1.49654,0.206103,-0.420322,-1.49618
0.222195,-0.443409,-1.48977,0.264418,-0.473883,-1.49892
0.225744,-0.479124,-1.48292,0.234712,-0.473384,-1.48111
0.230343,-0.527725,-1.47984,0.240004,-0.534569,-1.47899
0.235258,-0.582638,-1.48355,0.24524,-0.594047,-1.48272
0.239652,-0.673079,-1.48677,0.236519,-0.705709,-1.49055
0.243516,-0.721506,-1.48862,0.21429,-0.720396,-1.48646
0.248342,-0.781977,-1.49093,0.222631,-0.786428,-1.48336
0.253167,-0.842438,-1.49324,0.261392,-0.832105,-1.4931
0.255834,-0.91826,-1.49597,0.256537,-0.964682,-1.50127
0.26063,-0.978677,-1.49828,0.249806,-1.01973,-1.4987
0.264995,-1.03644,-1.50211,0.299811,-1.06956,-1.51711
0.267667,-1.10397,-1.50373,0.248234,-1.1357,-1.51365
0.273206,-1.16303,-1.4942,0.300258,-1.20931,-1.5035
0.278798,-1.22216,-1.48448,0.308034,-1.26901,-1.49412
0.284393,-1.28131,-1.47474,0.308638,-1.32163,-1.48401
0.288852,-1.34621,-1.46493,0.267903,-1.37152,-1.46654
0.294454,-1.4054,-1.45519,0.317462,-1.43564,-1.46315
0.30077,-1.45967,-1.45303,0.279742,-1.4921,-1.45224
0.310766,-1.52315,-1.44921,0.327281,-1.506,-1.45011
0.318217,-1.58377,-1.44549,0.334325,-1.60352,-1.45062
0.32547,-1.64249,-1.4399,0.339063,-1.66492,-1.44456
0.334385,-1.70619,-1.42164,0.355874,-1.72233,-1.42708
0.357738,-1.8315,-1.39897,0.373258,-1.8527,-1.40112
0.359751,-1.84349,-1.39707,0.379687,-1.86603,-1.39784
0.365526,-1.87642,-1.39391,0.380886,-1.89519,-1.39524
0.376263,-1.93595,-1.39007,0.356269,-1.96632,-1.38995
0.388948,-1.98856,-1.38881,0.362449,-2.01044,-1.38782
0.399815,-2.04743,-1.3882,0.421226,-2.06028,-1.38903
0.410572,-2.10568,-1.38766,0.433805,-2.12012,-1.3891
0.424944,-2.16593,-1.3884,0.443426,-2.17944,-1.39086
0.435185,-2.22169,-1.38956,0.457145,-2.24709,-1.39058
0.445811,-2.27974,-1.38951,0.470386,-2.29601,-1.39121
0.457152,-2.34178,-1.39095,0.466394,-2.37383,-1.3893
0.46711,-2.38508,-1.38919,0.490584,-2.43149,-1.3884
0.479252,-2.44992,-1.37714,0.484764,-2.49176,-1.3756
0.488145,-2.49404,-1.36371,0.508822,-2.54537,-1.36444
0.504288,-2.56264,-1.33834,0.5061,-2.60936,-1.33665
0.520965,-2.62139,-1.31027,0.52201,-2.67148,-1.31038
0.539748,-2.68936,-1.29249,0.541412,-2.72395,-1.29125
0.550762,-2.72737,-1.28409,0.559453,-2.78432,-1.28363
0.5724,-2.78668,-1.27499,0.57296,-2.8392,-1.27592
0.587511,-2.83622,-1.27638,0.591532,-2.88655,-1.27707
0.60778,-2.90471,-1.28982,0.613493,-2.94895,-1.28987
0.622581,-2.95759,-1.31234,0.64876,-2.99089,-1.31634
0.641398,-3.01016,-1.33313,0.648352,-3.06831,-1.33597
0.65142,-3.05359,-1.36053,0.64259,-3.03029,-1.36129
0.661851,-3.10432,-1.38636,0.663972,-3.17843,-1.39392
0.662809,-3.10947,-1.38403,0.684017,-3.16882,-1.38461
0.662563,-3.10817,-1.38532,0.6877,-3.17275,-1.39013
0.662383,-3.10736,-1.39177,0.663966,-3.1773,-1.39785
0.661997,-3.10569,-1.4116,0.664526,-3.15589,-1.41774
0.661926,-3.10523,-1.45216,0.6698,-3.15482,-1.46125
0.665236,-3.10073,-1.5105,0.681822,-3.15669,-1.52726
0.665504,-3.10061,-1.62296,0.677696,-3.17463,-1.63843
0.67056,-3.09697,-1.75208,0.70664,-3.17038,-1.77379
0.670737,-3.09689,-1.88621,0.682585,-3.16729,-1.90153
0.673682,-3.09428,-2.03259,0.687546,-3.09169,-2.03631
0.673853,-3.09424,-2.13117,0.685983,-3.16334,-2.15473
0.679953,-3.09231,-2.27033,0.65993,-3.16581,-2.28909
0.679919,-3.09237,-2.38142,0.675041,-3.14769,-2.40484
0.686442,-3.08912,-2.51029,0.70122,-3.13923,-2.52959
0.686415,-3.08916,-2.63989,0.667061,-3.15435,-2.65539
0.692374,-3.08651,-2.76889,0.699756,-3.12869,-2.77873
0.699832,-3.08465,-2.87952,0.716205,-3.12172,-2.87906
0.699666,-3.08515,-3.01426,0.698635,-3.12309,-3.02169
0.705223,-3.08271,3.11954,0.703287,-3.09492,3.11853
0.70517,-3.08283,3.02015,0.697586,-3.09028,3.01722
0.705103,-3.08297,2.89584,0.707247,-3.08568,2.89595
0.711947,-3.08138,2.77256,0.706442,-3.08217,2.77329
0.71188,-3.08152,2.64766,0.703669,-3.08496,2.64618
0.71548,-3.08016,2.52479,0.70927,-3.07888,2.52438
0.715413,-3.0803,2.40008,0.715883,-3.07727,2.39926
0.718457,-3.07958,2.27597,0.718593,-3.07325,2.27535
0.72178,-3.07802,2.13709,0.708947,-3.08283,2.13567
0.721706,-3.07811,2.03727,0.728323,-3.07104,2.03569
0.723803,-3.07655,1.8694,0.715898,-3.0786,1.87526
0.725644,-3.07569,1.76874,0.728334,-3.06832,1.76828
0.726617,-3.07499,1.64309,0.722211,-3.06535,1.64159
0.72652,-3.07494,1.51732,0.726358,-3.05448,1.51727
0.72739,-3.07441,1.3915,0.727233,-3.07112,1.39196
0.727293,-3.07436,1.26572,0.724497,-3.07056,1.2656
0.728091,-3.07383,1.13982,0.725412,-3.08118,1.13821
0.728689,-3.07324,1.01374,0.731591,-3.06877,1.0115
0.728592,-3.07318,0.888409,0.734445,-3.06496,0.88744
0.729179,-3.07296,0.762,0.739134,-3.08384,0.761934
0.729357,-3.07222,0.636349,0.769071,-3.0764,0.638537
0.72926,-3.07217,0.510541,0.738794,-3.09057,0.511422
0.729807,-3.0717,0.384913,0.737532,-3.10763,0.385359
0.72971,-3.07165,0.259107,0.742607,-3.10983,0.260786
0.729965,-3.071,0.133201,0.759742,-3.10688,0.138021
0.730376,-3.07039,0.00783256,0.74492,-3.14091,0.0118603
0.730358,-3.07029,-0.0991034,0.806428,-3.13084,-0.0959515
0.730695,-3.06982,-0.225628,0.800636,-3.13486,-0.223472
1.18461,-2.94573,0.00974265,1.18607,-2.95475,0.011796
1.19585,-2.94266,0.0156236,1.20434,-2.95342,0.0166718
1.22424,-2.93491,0.0304806,1.22323,-2.95627,0.0316335
1.2525,-2.92719,0.0452664,1.25832,-3.00092,0.0513952
1.28081,-2.91946,0.0600794,1.27889,-2.99103,0.0621471
1.30917,-2.91171,0.0749229,1.3177,-2.96845,0.08583
1.33738,-2.90401,0.0896821,1.37088,-2.96061,0.095763
1.36568,-2.89628,0.104491,1.35847,-2.91864,0.105847
1.42069,-2.87969,0.121921,1.44591,-2.9124,0.122761
1.44897,-2.87188,0.13673,1.44675,-2.90626,0.142913
1.47722,-2.86409,0.151521,1.49082,-2.9071,0.15854
1.50555,-2.85627,0.166355,1.50707,-2.88688,0.169948
1.53384,-2.84846,0.181169,1.50352,-2.87241,0.184621
1.56212,-2.84066,0.195977,1.54785,-2.8441,0.19614
1.59043,-2.83285,0.210803,1.5885,-2.82935,0.210153
1.59512,-2.82707,0.2305,1.59293,-2.8202,0.229268
1.62323,-2.81916,0.245244,1.6606,-2.81445,0.23541
1.6516,-2.81119,0.260117,1.65709,-2.79874,0.259539
1.69704,-2.79861,0.277632,1.68733,-2.78851,0.274974
1.75063,-2.78353,0.277697,1.73782,-2.77238,0.278499
1.84481,-2.74737,0.285217,1.87588,-2.75814,0.285533
1.90853,-2.72869,0.285511,1.94854,-2.73263,0.2839
1.97188,-2.71012,0.285802,2.00586,-2.71396,0.279576
2.03526,-2.69154,0.286094,2.06157,-2.70273,0.287862
2.10709,-2.66478,0.289875,2.1664,-2.67304,0.288367
2.17027,-2.64602,0.290167,2.17751,-2.6614,0.291199
2.23405,-2.62708,0.290502,2.2574,-2.60214,0.288329
2.30229,-2.60478,0.291599,2.33516,-2.5774,0.287084
2.39124,-2.57859,0.287001,2.39123,-2.55942,0.284694
2.41465,-2.57174,0.285775,2.42506,-2.54901,0.284405
2.46864,-2.55635,0.277487,2.47242,-2.53157,0.276039
2.51478,-2.54336,0.258231,2.54584,-2.51503,0.248054
2.57464,-2.52802,0.234745,2.61075,-2.5006,0.22536
2.63567,-2.51386,0.219191,2.65104,-2.48894,0.21851
2.67901,-2.5045,0.206365,2.70434,-2.48055,0.204396
2.7364,-2.4932,0.196921,2.76769,-2.46641,0.193382
2.80787,-2.47921,0.188544,2.83111,-2.44776,0.184087
2.86723,-2.46801,0.183831,2.88717,-2.43938,0.180196
2.90819,-2.46091,0.179265,2.95469,-2.40688,0.176041
2.97097,-2.44963,0.176822,3.01647,-2.4002,0.173702
3.03098,-2.439,0.174029,3.07382,-2.39884,0.166994
3.08677,-2.42927,0.170189,3.13199,-2.39182,0.164661
3.15199,-2.41865,0.170891,3.19758,-2.38954,0.168897
3.21886,-2.4073,0.166004,3.26072,-2.37344,0.165477
3.27267,-2.39837,0.161641,3.30076,-2.37294,0.156648
3.32941,-2.38976,0.158254,3.37043,-2.36251,0.153196
3.3936,-2.37967,0.154414,3.41525,-2.35419,0.149041
3.46438,-2.36878,0.150016,3.50132,-2.34264,0.145852
3.51387,-2.36212,0.146559,3.55436,-2.33525,0.142206
3.57648,-2.353,0.142759,3.60361,-2.33038,0.138985
3.63569,-2.34455,0.139779,3.65255,-2.32382,0.135725
3.69774,-2.33591,0.136833,3.70834,-2.31698,0.13601
3.74185,-2.33082,0.134281,3.76792,-2.31112,0.130053
3.7904,-2.32466,0.134804,3.83463,-2.29431,0.134997
3.79967,-2.32341,0.134281,3.82907,-2.29645,0.128861
3.80056,-2.32329,0.134106,3.8243,-2.29672,0.128888
3.80088,-2.32325,0.134281,3.84649,-2.26836,0.131182
3.80041,-2.32331,0.134281,3.85263,-2.26047,0.13088
3.80021,-2.32334,0.134281,3.84718,-2.26512,0.131222
3.80055,-2.32329,0.134281,3.85345,-2.26288,0.130037
3.79944,-2.32344,0.134281,3.85321,-2.26071,0.131046
3.7983,-2.3236,0.135503,3.84091,-2.258,0.13245
3.79685,-2.32381,0.146498,3.79707,-2.30373,0.147809
3.79394,-2.32503,0.18315,3.77461,-2.30747,0.182642
3.79345,-2.32693,0.319398,3.81999,-2.33122,0.321195
3.80189,-2.32844,0.530037,3.8287,-2.31997,0.527971
3.80995,-2.32544,0.74118,3.84311,-2.32934,0.744354
3.81005,-2.32654,0.806934,3.81108,-2.31243,0.806529
3.81065,-2.33008,0.951632,3.81416,-2.32053,0.951088
3.81787,-2.32544,1.17075,3.82658,-2.31638,1.17075
3.80941,-2.32118,1.22471,3.80486,-2.31961,1.22689
3.80322,-2.31995,1.33279,3.79387,-2.29274,1.332
3.80323,-2.31772,1.46936,3.78311,-2.31416,1.46917
3.8048,-2.31888,1.58706,3.78294,-2.33051,1.58753
3.80074,-2.31639,1.6756,3.77347,-2.28774,1.67327
3.80114,-2.31651,1.7342,3.79682,-2.28041,1.73765
3.80163,-2.31667,1.80771,3.79953,-2.32427,1.80458
3.80098,-2.31459,1.88074,3.81064,-2.31358,1.88138
3.80147,-2.31475,1.95419,3.83846,-2.28684,1.95712
3.80197,-2.3149,2.02753,3.79598,-2.30742,2.02796
3.79898,-2.31358,2.10095,3.79114,-2.31902,2.10144
3.79948,-2.31373,2.17447,3.81299,-2.29014,2.17633
3.79997,-2.31389,2.24752,3.80809,-2.32975,2.24669
3.79905,-2.31217,2.3212,3.79135,-2.26474,2.3231
3.79886,-2.31192,2.3276,3.79432,-2.26131,2.32569
3.79941,-2.31242,2.28222,3.81034,-2.30218,2.28347
3.7994,-2.31254,2.16947,3.80595,-2.29707,2.17319
3.79938,-2.31266,2.05668,3.80009,-2.32083,2.05795
3.79767,-2.3113,1.94379,3.79543,-2.30505,1.94541
3.79765,-2.31142,1.83047,3.78562,-2.31835,1.82959
3.79739,-2.31081,1.71752,3.78465,-2.30104,1.71615
3.79737,-2.31093,1.60471,3.79704,-2.28735,1.6066
3.79661,-2.31038,1.49205,3.78988,-2.27488,1.49434
3.79659,-2.3105,1.37919,3.79574,-2.3121,1.37897
3.79258,-2.31037,1.26565,3.79354,-2.30516,1.2649
3.79256,-2.31049,1.15289,3.77483,-2.31005,1.14986
3.78375,-2.31128,1.03992,3.791,-2.32547,1.04157
3.78373,-2.3114,0.927233,3.79129,-2.30609,0.926012
3.77829,-2.31144,0.809248,3.7975,-2.31479,0.810285
3.77805,-2.31133,0.692567,3.81017,-2.28902,0.690396
3.77344,-2.30886,0.123727,3.79349,-2.31944,0.120852
3.77318,-2.30864,0.0803119,3.77257,-2.29389,0.0785991
3.77715,-2.30925,0.00569928,3.77484,-2.3095,0.00763539
3.77671,-2.30888,-0.0663613,3.7572,-2.30869,-0.066446
3.77627,-2.3085,-0.138134,3.78463,-2.28515,-0.139642
3.77975,-2.30944,-0.20893,3.77398,-2.2878,-0.207613
3.77931,-2.30906,-0.281168,3.77234,-2.31803,-0.280497
3.77887,-2.30869,-0.352997,3.80107,-2.30414,-0.352091
3.78736,-2.30735,-0.420673,3.76179,-2.3117,-0.419244
3.78691,-2.30698,-0.492971,3.75405,-2.29452,-0.492161
3.78648,-2.30661,-0.564648,3.7936,-2.30455,-0.564644
3.78695,-2.30964,-0.636304,3.79699,-2.31445,-0.635232
3.78651,-2.30926,-0.70863,3.79458,-2.30082,-0.708158
3.78916,-2.31067,-0.779148,3.78211,-2.31325,-0.779674
3.78872,-2.3103,-0.851188,3.78452,-2.31668,-0.850778
3.78828,-2.30993,-0.923042,3.78593,-2.31629,-0.923075
3.79155,-2.31075,-0.996317,3.79274,-2.3071,-0.995826
3.79111,-2.31038,-1.06826,3.77363,-2.32303,-1.0668
3.79063,-2.31001,-1.13197,3.79348,-2.3235,-1.13205
3.79041,-2.30985,-1.06459,3.77592,-2.32076,-1.06835
3.78705,-2.31048,-0.966093,3.78862,-2.31634,-0.969863
3.78666,-2.31058,-0.954281,3.7664,-2.30977,-0.956154
3.78571,-2.32127,-0.898924,3.77173,-2.32064,-0.900984
3.78377,-2.32176,-0.840123,3.76806,-2.31239,-0.841829
3.78182,-2.32225,-0.781076,3.80275,-2.32595,-0.779963
3.77987,-2.32275,-0.722062,3.7615,-2.33083,-0.719866
3.77997,-2.33288,-0.670768,3.77174,-2.32364,-0.67084
3.77803,-2.33336,-0.612025,3.77319,-2.32644,-0.611976
3.77607,-2.33384,-0.552747,3.76893,-2.32359,-0.553471
3.78308,-2.34005,-0.499189,3.77267,-2.32659,-0.499447
3.78111,-2.34052,-0.439885,3.76679,-2.32964,-0.439992
3.77916,-2.34099,-0.380922,3.76823,-2.33009,-0.38186
3.7772,-2.34145,-0.322009,3.76936,-2.32935,-0.323065
3.78811,-2.34304,-0.262957,3.77087,-2.33197,-0.263407
3.78615,-2.3435,-0.203966,3.78379,-2.35104,-0.202724
3.78419,-2.34397,-0.144828,3.79818,-2.34488,-0.143841
3.78264,-2.34439,-0.0835557,3.77304,-2.32273,-0.0840618
3.79514,-2.34579,-0.0484335,3.83673,-2.3081,-0.0514875
3.83531,-2.34429,-0.0263422,3.83972,-2.34375,-0.0277019
3.87115,-2.34258,-0.0185432,3.86361,-2.36027,-0.0159212
3.91603,-2.34044,-0.00877719,3.94282,-2.35051,-0.0081267
3.96052,-2.33831,0.000903867,3.98157,-2.34696,-0.00102015
4.00517,-2.33618,0.0106204,4.04232,-2.32918,0.0104526
4.04518,-2.3341,0.0203511,4.05849,-2.31941,0.0178273
4.08985,-2.33196,0.0300715,4.09648,-2.31619,0.0292675
4.13462,-2.32983,0.0398133,4.13827,-2.31366,0.0405
4.17945,-2.32768,0.0495685,4.18808,-2.31681,0.0482742
4.2239,-2.32556,0.0592424,4.23667,-2.32773,0.0593053
4.25384,-2.32197,0.0708557,4.27543,-2.28794,0.068769
4.29919,-2.31964,0.0805714,4.30222,-2.33814,0.0807483
4.36147,-2.31439,0.088429,4.35007,-2.33177,0.0888584
4.421,-2.30848,0.094801,4.41235,-2.32646,0.0950374
4.48608,-2.29953,0.100923,4.52882,-2.31085,0.100469
4.55294,-2.2924,0.105468,4.58902,-2.30209,0.105581
4.62017,-2.28524,0.110038,4.62465,-2.30327,0.109979
4.68443,-2.27694,0.115324,4.68728,-2.24378,0.111136
4.75147,-2.26974,0.119882,4.74813,-2.21767,0.114274
4.81883,-2.26251,0.124461,4.80026,-2.21513,0.118585
4.89405,-2.25269,0.138439,4.88455,-2.20522,0.132334
4.95683,-2.24343,0.15728,4.95126,-2.19345,0.152936
5.02986,-2.22996,0.169515,5.00785,-2.175,0.161481
5.09961,-2.2149,0.181999,5.11456,-2.14719,0.172915
5.16939,-2.20197,0.193692,5.16996,-2.13323,0.190352
5.28018,-2.18011,0.207021,5.28237,-2.12206,0.200118
5.42382,-2.14886,0.21587,5.4244,-2.09709,0.2133
5.55347,-2.11998,0.22074,5.55161,-2.06787,0.215603
5.59833,-2.10995,0.220267,5.56092,-2.0465,0.210321
5.63913,-2.10081,0.220965,5.61556,-2.03218,0.211556
5.74612,-2.07684,0.219394,5.74701,-2.01501,0.209574
5.83489,-2.05667,0.219085,5.81558,-1.99345,0.207334
5.9628,-2.02826,0.216642,5.95546,-1.96435,0.203838
6.09331,-1.99922,0.216586,6.08702,-1.93509,0.211955
6.19586,-1.97638,0.220432,6.1919,-1.96687,0.219316
6.29411,-1.95426,0.220617,6.28624,-1.90079,0.21782
6.38853,-1.93315,0.218872,6.38154,-1.92645,0.221433
6.5299,-1.90155,0.216447,6.49853,-1.84407,0.205451
6.69722,-1.86463,0.216651,6.69837,-1.8557,0.218409
6.82537,-1.83663,0.215778,6.80972,-1.78763,0.210541
7.02846,-1.79267,0.217734,7.03067,-1.75133,0.214931
7.20319,-1.75458,0.215227,7.2023,-1.70624,0.208623
7.29856,-1.73361,0.216973,7.30794,-1.72261,0.218145
7.35549,-1.72114,0.215628,7.3635,-1.70955,0.216693
7.44483,-1.70152,0.215802,7.45127,-1.6925,0.217967
7.51174,-1.68694,0.21458,7.53139,-1.62902,0.210794
7.56377,-1.67594,0.214211,7.56419,-1.67139,0.215294
7.6524,-1.65647,0.216655,7.65825,-1.64629,0.218968
7.74714,-1.6357,0.216829,7.73825,-1.63044,0.217005
7.82928,-1.61749,0.224066,7.83539,-1.60501,0.225721
7.887,-1.60437,0.222146,7.89724,-1.59365,0.224606
7.94154,-1.59203,0.222669,7.95235,-1.58215,0.22456
7.99666,-1.57967,0.217226,8.00713,-1.57171,0.220317
8.0595,-1.56615,0.199249,8.06656,-1.49096,0.187523
8.13053,-1.55247,0.179352,8.14465,-1.49035,0.164954
8.17518,-1.54466,0.167135,8.18335,-1.53753,0.170785
8.23745,-1.53455,0.153739,8.22887,-1.4836,0.14893
8.30825,-1.5239,0.144663,8.30172,-1.51737,0.148215
8.40071,-1.51083,0.136286,8.3979,-1.49101,0.137296
8.48184,-1.50022,0.132645,8.49667,-1.4917,0.130587
8.5654,-1.48924,0.126013,8.57222,-1.48553,0.129657
8.62048,-1.48345,0.120835,8.62844,-1.47584,0.124322
8.68882,-1.47542,0.111933,8.68352,-1.47255,0.115412
8.82636,-1.46038,0.101462,8.83055,-1.40115,0.0913179
9.04691,-1.43883,0.0846712,9.06199,-1.43481,0.0721657
9.15556,-1.42923,0.0906501,9.16629,-1.42743,0.0898653
9.24077,-1.42155,0.0843669,9.25106,-1.41757,0.0899729
9.29604,-1.41694,0.0812092,9.30169,-1.41322,0.085423
9.36552,-1.41142,0.0773694,9.38028,-1.40536,0.0820614
9.4175,-1.40746,0.0731807,9.41977,-1.40422,0.0779356
9.47543,-1.40326,0.0703881,9.47711,-1.40197,0.073755
9.54658,-1.39742,0.067098,9.56103,-1.39177,0.0696125
9.60078,-1.39386,0.0636074,9.59481,-1.39328,0.06735
9.6762,-1.38919,0.0585459,9.66473,-1.38808,0.0622295
9.75175,-1.38582,0.0544939,9.75435,-1.38323,0.0567496
9.86775,-1.37981,0.0445454,9.87342,-1.37669,0.0526192
10.0465,-1.37251,0.0414485,10.0545,-1.36364,0.0432785
10.1472,-1.36813,0.0451137,10.1457,-1.37233,0.0478995
10.2205,-1.36456,0.0419882,10.2176,-1.36778,0.0454408
10.2775,-1.36211,0.0475733,10.283,-1.35938,0.0484384
10.3386,-1.35885,0.0620596,10.346,-1.35741,0.0628921
10.4039,-1.35411,0.0857959,10.4118,-1.35278,0.083251
10.4732,-1.3481,0.108796,10.4817,-1.34447,0.104597
10.5392,-1.34017,0.133928,10.5239,-1.34126,0.129934
10.5933,-1.33253,0.146669,10.6,-1.32911,0.147633
10.6706,-1.32122,0.161222,10.6706,-1.32133,0.16149
10.7515,-1.30763,0.172921,10.7363,-1.30896,0.172959
10.7957,-1.29987,0.175888,10.8093,-1.29437,0.177444
10.8719,-1.28682,0.179681,10.8642,-1.28481,0.180732
10.9357,-1.27538,0.179143,10.9262,-1.2717,0.181324
11.1093,-1.24387,0.18167,11.0974,-1.24261,0.181128
11.2591,-1.21686,0.180496,11.2613,-1.21382,0.18229
11.4033,-1.19005,0.187522,11.4113,-1.18783,0.19093
11.4709,-1.17713,0.188395,11.4599,-1.1778,0.191435
11.5252,-1.16676,0.18857,11.521,-1.16828,0.191419
11.5715,-1.15857,0.188368,11.5776,-1.15636,0.191666
11.6454,-1.14453,0.187321,11.6438,-1.1445,0.190041
11.6978,-1.13457,0.189415,11.6911,-1.13505,0.190559
11.7624,-1.12221,0.187964,11.7606,-1.12055,0.189951
11.9049,-1.09517,0.186039,11.9021,-1.09578,0.192041
12.0335,-1.07152,0.186034,12.0401,-1.07137,0.187955
12.211,-1.03787,0.196462,12.2101,-1.0425,0.196589
12.2957,-1.02087,0.19925,12.2963,-1.025,0.202988
12.3434,-1.01126,0.198377,12.335,-1.01822,0.201772
12.3873,-1.00295,0.198318,12.3901,-1.00843,0.203274
12.4716,-0.986129,0.1957,12.4648,-0.993448,0.199369
12.5842,-0.963793,0.194653,12.5887,-0.968629,0.198606
12.7286,-0.9356,0.199622,12.7413,-0.94051,0.204434
12.8056,-0.919829,0.201367,12.8198,-0.926504,0.20694
12.8213,-0.916884,0.201304,12.86,-0.917142,0.205435
12.8982,-0.901172,0.202351,12.9286,-0.904644,0.206701
13.0467,-0.870743,0.201479,13.054,-0.8779,0.207051
13.1276,-0.854066,0.208863,13.1779,-0.853177,0.21531
13.1946,-0.839821,0.206943,13.2401,-0.83919,0.21072
13.2736,-0.8237,0.204089,13.3091,-0.823364,0.208469
13.3426,-0.809421,0.20217,13.3852,-0.811136,0.206978
13.4975,-0.777949,0.198504,13.5345,-0.781557,0.203929
13.6734,-0.743702,0.192401,13.6992,-0.746751,0.197175
13.7434,-0.730621,0.192333,13.7898,-0.728254,0.198547
13.8026,-0.719072,0.192159,13.8093,-0.721503,0.192397
13.8984,-0.700462,0.190588,13.9212,-0.703082,0.19702
13.9999,-0.681439,0.186221,14.043,-0.680975,0.192379
14.2142,-0.641709,0.184978,14.2313,-0.647641,0.18929
14.3631,-0.61352,0.190905,14.3873,-0.618875,0.193664
14.4224,-0.602464,0.190273,14.4184,-0.611943,0.195998
14.4771,-0.591927,0.189749,14.4799,-0.600434,0.192014
14.5544,-0.577155,0.188179,14.5819,-0.581333,0.195212
14.6203,-0.564648,0.188179,14.6539,-0.564706,0.189949
14.6723,-0.55525,0.187238,14.676,-0.564407,0.192706
14.7263,-0.545038,0.188634,14.7386,-0.551209,0.191993
14.7485,-0.540817,0.187587,14.7473,-0.549023,0.193645
14.7475,-0.54097,0.18846,14.7388,-0.550408,0.193083
14.7451,-0.542227,0.200852,14.7512,-0.547266,0.201106
14.743,-0.544393,0.223541,14.7429,-0.554822,0.223139
14.7407,-0.547714,0.283755,14.7444,-0.556482,0.283298
14.7393,-0.551536,0.365358,14.7415,-0.553724,0.365679
14.739,-0.554104,0.464144,14.7357,-0.561061,0.4613
14.7388,-0.555119,0.513537,14.7332,-0.554999,0.513743
14.747,-0.550545,0.605783,14.7493,-0.554961,0.605704
14.747,-0.552779,0.771415,14.7639,-0.563805,0.772816
14.7559,-0.545348,0.940181,14.7562,-0.530653,0.939894
14.758,-0.543023,1.02974,14.7523,-0.539893,1.02963
14.76,-0.546565,1.18895,14.7832,-0.540338,1.18927
14.7588,-0.542404,1.3925,14.7623,-0.536962,1.39433
14.7582,-0.537447,1.53185,14.7774,-0.528591,1.53367
14.7588,-0.537863,1.63655,14.7603,-0.538511,1.63676
14.7584,-0.539194,1.76156,14.7441,-0.533484,1.76057
14.7591,-0.539633,1.84772,14.7536,-0.527311,1.84792
14.7544,-0.532543,1.91825,14.7611,-0.530958,1.92046
14.7549,-0.532884,1.98537,14.7468,-0.481339,1.98781
14.7549,-0.532827,1.98713,14.7437,-0.541169,1.98479
14.7553,-0.533634,1.96853,14.7626,-0.507483,1.97077
14.7555,-0.534109,1.95639,14.7477,-0.530852,1.95631
14.7559,-0.534902,1.93607,14.7332,-0.537382,1.93466
14.7561,-0.535933,1.86633,14.7604,-0.528145,1.86714
14.7434,-0.531271,1.69646,14.7372,-0.532764,1.69643
14.7377,-0.528691,1.53402,14.7408,-0.53294,1.53447
14.7376,-0.528721,1.40014,14.7426,-0.524926,1.40137
14.7349,-0.528929,1.26343,14.7424,-0.522394,1.26409
14.7349,-0.528909,1.14474,14.7493,-0.527085,1.14609
14.7324,-0.529038,1.0202,14.728,-0.565303,1.01876
14.7323,-0.529001,0.90095,14.7265,-0.558775,0.899798
14.7318,-0.528935,0.782444,14.7318,-0.571814,0.781687
14.7316,-0.528811,0.663381,14.7134,-0.530534,0.663789
14.732,-0.528782,0.538696,14.747,-0.528561,0.538733
14.7349,-0.528107,0.460603,14.7327,-0.538352,0.461125
14.738,-0.52667,0.423187,14.7488,-0.513753,0.422567
14.7411,-0.525969,0.378026,14.7485,-0.54624,0.376947
14.7442,-0.525254,0.331963,14.7451,-0.52479,0.33143
14.7474,-0.524543,0.286125,14.7905,-0.532865,0.286183
14.7505,-0.523825,0.239876,14.7424,-0.527127,0.239167
14.755,-0.520386,0.19322,14.7451,-0.501119,0.192749
14.7928,-0.513216,0.186255,14.819,-0.472114,0.186382
14.8634,-0.499844,0.188177,14.846,-0.446595,0.184562
14.9378,-0.485753,0.186752,14.9437,-0.460579,0.185572
15.0115,-0.471795,0.18534,15.009,-0.445353,0.184316
15.0789,-0.460162,0.182905,15.0694,-0.426877,0.182211
15.1531,-0.446196,0.181485,15.1903,-0.416228,0.180032
15.2151,-0.434773,0.178796,15.237,-0.402533,0.176822
15.3018,-0.420832,0.176828,15.3169,-0.384546,0.176475
15.4543,-0.394303,0.174424,15.4302,-0.358676,0.171238
15.6033,-0.369499,0.171273,15.592,-0.334158,0.169927
15.7575,-0.343811,0.168137,15.7776,-0.305411,0.165326
15.8883,-0.321174,0.175313,15.9267,-0.281936,0.17059
15.9827,-0.306166,0.169152,16.0179,-0.246227,0.162533
16.0919,-0.28783,0.163735,16.0735,-0.246165,0.156725
16.2322,-0.266305,0.160728,16.2327,-0.234382,0.15657
16.4301,-0.234791,0.156483,16.424,-0.203941,0.152603
16.6022,-0.209438,0.160942,16.6147,-0.188349,0.160385
16.6982,-0.195305,0.159945,16.7193,-0.161289,0.156603
16.8043,-0.178226,0.159596,16.8067,-0.150479,0.155687
16.8949,-0.16545,0.153789,16.9115,-0.127164,0.147223
17.0215,-0.145788,0.161564,17.0421,-0.118075,0.158046
17.0998,-0.134767,0.15657,17.129,-0.101936,0.152954
17.1726,-0.12339,0.153429,17.1864,-0.0919734,0.150279
17.3212,-0.100886,0.146447,17.3296,-0.0746512,0.143163
17.548,-0.0700224,0.136064,17.5573,-0.079106,0.136662
17.6524,-0.0557163,0.144474,17.6944,-0.0236104,0.140737
17.7544,-0.040955,0.141507,17.7873,0.00625801,0.134388
17.8777,-0.0220568,0.137232,17.8701,0.00319375,0.136221
18.0318,-0.00087913,0.135487,18.0474,-0.00438425,0.131903
18.1826,0.0222765,0.128221,18.2407,0.0532843,0.122348
18.4243,0.0564005,0.136613,18.4414,0.0926982,0.131882
18.5113,0.0708281,0.141017,18.5314,0.0957638,0.13861
18.5757,0.0801427,0.137597,18.6172,0.0864106,0.132404
18.6263,0.0871098,0.136899,18.653,0.0899319,0.132951
18.6967,0.0985515,0.13433,18.7323,0.0998643,0.130816
18.7969,0.11202,0.135377,18.8441,0.111512,0.132685
18.8578,0.120278,0.13433,18.8877,0.147927,0.132599
18.8837,0.124752,0.133424,18.9167,0.149796,0.1328
18.8832,0.124682,0.132551,18.9134,0.145641,0.133459
18.882,0.12452,0.132202,18.9232,0.153158,0.130448
18.8779,0.124116,0.131155,18.9098,0.144683,0.129821
18.8765,0.123788,0.120683,18.917,0.116455,0.120791
18.8756,0.122976,0.0859508,18.8791,0.103094,0.086521
18.8751,0.122827,-0.0353496,18.8676,0.108008,-0.0339193
18.8744,0.124606,-0.166139,18.8682,0.0997399,-0.16347
18.8741,0.125021,-0.309034,18.8816,0.131685,-0.310047
18.8735,0.12546,-0.402552,18.9173,0.153416,-0.404924
18.8735,0.125696,-0.553592,18.8627,0.101131,-0.550226
18.8714,0.125547,-0.660886,18.916,0.0975301,-0.661778
18.8715,0.125495,-0.809106,18.8543,0.103126,-0.80569
18.8688,0.125481,-0.943643,18.8857,0.127778,-0.943298
18.869,0.125677,-1.21271,18.8835,0.10188,-1.21598
18.869,0.125677,-1.21271,18.8754,0.130401,-1.2147
18.8683,0.124675,-1.30472,18.85,0.099593,-1.30221
18.8673,0.123278,-1.35365,18.8929,0.128121,-1.35909
18.8672,0.122986,-1.37302,18.8459,0.119124,-1.37249
18.8671,0.122692,-1.39246,18.8666,0.134857,-1.39253
18.867,0.1224,-1.4118,18.8474,0.10482,-1.41266
18.867,0.122107,-1.43124,18.8729,0.128539,-1.43249
18.8669,0.121815,-1.45058,18.8438,0.116357,-1.4499
18.8668,0.121521,-1.47006,18.889,0.12026,-1.473
18.8667,0.121228,-1.48945,18.8576,0.11608,-1.49024
18.8689,0.121302,-1.50876,18.8532,0.113512,-1.50721
18.8679,0.121324,-1.45238,18.8747,0.106256,-1.45307
18.8635,0.122087,-1.26199,18.875,0.106156,-1.26263
18.8624,0.11312,-1.0691,18.8637,0.115122,-1.06844
18.8605,0.11262,-0.947768,18.8229,0.1184,-0.950177
18.8648,0.109855,-0.795868,18.8274,0.08243,-0.791308
18.8716,0.10752,-0.643853,18.9115,0.0954302,-0.648285
18.8693,0.106893,-0.493383,18.8636,0.1081,-0.493602
18.8751,0.10522,-0.3419,18.9237,0.105903,-0.348504
18.8795,0.104854,-0.188823,18.8951,0.0838957,-0.190414
18.8784,0.104239,-0.0301299,18.8989,0.109305,-0.0323009
18.8809,0.103224,0.050002,18.9321,0.128622,0.0467873
18.9143,0.109168,0.063113,18.957,0.134926,0.0617297
18.9416,0.114035,0.0738467,18.9479,0.100497,0.0720076
18.9688,0.118882,0.0845372,18.9842,0.143835,0.0859889
18.996,0.123715,0.0951976,18.985,0.124691,0.0972871
19.0234,0.128591,0.105953,19.0222,0.112898,0.11339
19.0506,0.133441,0.116651,19.0374,0.136691,0.118874
19.078,0.138316,0.127403,19.078,0.142094,0.12771
19.0995,0.143517,0.139098,19.104,0.146201,0.138106
19.1267,0.148396,0.149797,19.1535,0.14779,0.149996
19.1541,0.153296,0.160543,19.1262,0.180867,0.16104
19.1813,0.158164,0.171219,19.2098,0.154491,0.172325
19.2307,0.166955,0.176049,19.2357,0.16757,0.176108
19.2794,0.17566,0.175476,19.1053,0.180257,0.175393
19.3705,0.1927,0.171872,20.0212,0.307828,0.19545
19.3953,0.197039,0.17078,19.1426,0.231385,0.171494
19.4565,0.207593,0.16863,19.4669,0.211684,0.168871
19.4995,0.214996,0.16585,19.5261,0.214546,0.167057
19.5564,0.224508,0.163466,21.9338,0.793879,0.253985
19.6032,0.232183,0.16118,19.6495,0.234148,0.163002
19.6656,0.242267,0.158388,19.6962,0.241402,0.160421
19.733,0.252689,0.155321,19.7743,0.254736,0.159059
19.7858,0.260902,0.153401,19.8338,0.262323,0.156149
19.8369,0.268764,0.152877,19.8851,0.269362,0.155157
19.8685,0.273706,0.156019,19.9191,0.273657,0.160134
19.8684,0.273687,0.153925,19.9232,0.277514,0.156629
19.8644,0.273058,0.155495,19.9164,0.274008,0.158281
19.8614,0.272588,0.156543,19.9194,0.275773,0.159586
19.8602,0.272356,0.158113,19.9206,0.275822,0.160085
19.8584,0.271852,0.164746,19.9273,0.273298,0.167152
19.8508,0.268877,0.173123,19.9214,0.27512,0.17535
19.851,0.268965,0.171203,19.9193,0.275798,0.173941
19.8451,0.266499,0.171029,19.9123,0.272743,0.173955
19.8408,0.264441,0.176439,19.8273,0.256971,0.176763
19.8378,0.262402,0.205237,19.8274,0.257532,0.201968
19.8363,0.259548,0.313099,19.8413,0.251022,0.313251
19.8392,0.255054,0.423612,19.8391,0.251251,0.425155
19.8389,0.25399,0.474658,19.8553,0.277234,0.472956
19.8511,0.260328,0.52428,19.8895,0.250846,0.5306
19.8509,0.25917,0.5821,19.854,0.283606,0.578961
19.8504,0.256008,0.682086,19.9017,0.267062,0.687146
19.8582,0.26255,0.770487,19.8271,0.270458,0.766946
19.8598,0.26463,0.959545,19.8927,0.286225,0.961003
19.8602,0.263624,0.978418,19.8571,0.289747,0.976238
19.8608,0.263302,0.98154,19.8554,0.288021,0.981977
19.8622,0.260058,1.12362,19.8973,0.251691,1.12437
19.8631,0.267259,1.26334,19.862,0.284297,1.26321
19.8638,0.266189,1.32402,19.8634,0.273473,1.32294
19.8626,0.272412,1.37504,19.9126,0.276696,1.36855
19.8631,0.272998,1.38394,19.8524,0.292537,1.38097
19.8649,0.270269,1.44446,19.8941,0.28239,1.44633
19.8677,0.266959,1.58205,19.888,0.269994,1.58297
19.8633,0.279629,1.7146,19.8518,0.2829,1.71425
19.8669,0.27776,1.77285,20.5772,0.407342,1.79879
19.8678,0.277321,1.78653,19.8435,0.276556,1.78661
19.8618,0.28581,1.82231,19.8597,0.316125,1.82553
19.8643,0.284385,1.8555,19.8575,0.304013,1.85452
19.8654,0.283728,1.9255,19.8586,0.27245,1.92398
19.8652,0.283801,2.00158,19.8834,0.309525,2.00475
19.8547,0.293254,2.0229,19.8665,0.292908,2.02287
19.8545,0.293029,2.03771,19.8543,0.281369,2.0377
19.8543,0.292908,2.04504,19.8691,0.319524,2.04611
19.8535,0.294504,2.04227,19.8726,0.327858,2.04348
19.85,0.301323,2.04166,19.8647,0.330206,2.04258
19.8302,0.341068,2.03835,19.8664,0.374064,2.04112
19.8107,0.379889,2.04166,19.8357,0.446911,2.04453
19.7909,0.418996,2.03744,19.8076,0.47466,2.03937
19.7913,0.417927,2.02264,19.7733,0.455325,2.02483
19.7921,0.416492,2.00536,19.8202,0.47242,2.00726
19.7927,0.414922,1.95021,19.7755,0.398354,1.95025
19.7884,0.412741,1.85868,19.6836,0.403924,1.85486
19.7882,0.412621,1.82267,19.8049,0.428694,1.82305
19.7883,0.412782,1.80493,19.7814,0.428425,1.80686
19.7882,0.412538,1.80755,19.7811,0.441843,1.80936
19.7881,0.412448,1.80807,19.7785,0.441077,1.80867
19.7881,0.412215,1.80667,19.7804,0.436415,1.80807
19.7883,0.411459,1.79638,19.7775,0.428859,1.79648
19.7882,0.411799,1.7688,19.7768,0.439919,1.77052
19.7863,0.412993,1.70852,19.8095,0.448211,1.70895
19.7847,0.414133,1.71175,19.7838,0.442796,1.71274
19.7847,0.414133,1.71542,19.7838,0.430773,1.71464
19.7847,0.414003,1.71768,19.7831,0.42908,1.71802
19.7847,0.413933,1.71821,19.7847,0.42731,1.71823
19.7847,0.413914,1.71821,19.7832,0.42839,1.71794
19.7847,0.413904,1.71838,19.7821,0.432556,1.71839
19.7847,0.413894,1.71856,19.7837,0.435818,1.71904
19.7837,0.42053,1.71873,19.7809,0.45221,1.71925
19.779,0.452076,1.71559,19.7757,0.463284,1.71539
19.7702,0.513634,1.71035,19.7675,0.550953,1.71122
19.7602,0.586517,1.7046,19.7566,0.605567,1.7053
19.7545,0.629371,1.70023,19.7509,0.643307,1.69962
19.7423,0.702583,1.69558,19.7377,0.728438,1.69361
19.7354,0.757914,1.69322,19.7364,0.78563,1.69436
19.7249,0.846139,1.68746,19.763,0.850632,1.688
19.7189,0.876862,1.68511,19.7268,0.886353,1.68608
19.7122,0.936062,1.68175,19.7099,0.967174,1.67763
19.7063,0.989803,1.67742,19.7086,1.01479,1.67671
19.6985,1.06367,1.67326,19.702,1.06909,1.67274
19.6913,1.12242,1.67146,19.6963,1.13844,1.67158
19.6852,1.18411,1.6706,19.692,1.19067,1.66792
19.6802,1.23315,1.67392,19.6807,1.26689,1.67155
19.6723,1.299,1.67563,19.6834,1.30116,1.67598
19.6675,1.34447,1.67698,19.68,1.35083,1.67903
19.6598,1.4167,1.67786,19.6693,1.42949,1.67839
19.6548,1.46261,1.68327,19.669,1.46306,1.684
19.6444,1.54159,1.70016,19.6567,1.54778,1.699
19.6392,1.58067,1.70719,19.6569,1.58051,1.70889
19.6308,1.64063,1.71313,19.6463,1.64152,1.7146
19.6203,1.7119,1.71627,19.6373,1.709,1.71908
19.6137,1.75404,1.71819,19.6324,1.74906,1.71969
19.604,1.81948,1.71924,19.6217,1.82056,1.72193
19.5901,1.91129,1.71899,19.6044,1.93605,1.7225
19.5825,1.96063,1.71863,19.6006,1.97471,1.72173
19.5736,2.02047,1.71775,19.5977,2.01811,1.72182
19.5617,2.10086,1.71775,19.583,2.10655,1.72194
19.5517,2.16719,1.71729,19.576,2.17791,1.72177
19.538,2.25922,1.72253,19.5601,2.27446,1.72674
19.5277,2.32755,1.72061,19.5479,2.34707,1.71921
19.5204,2.376,1.72113,19.5434,2.39635,1.72478
19.51,2.44444,1.72096,19.4949,2.43837,1.72256
19.494,2.5498,1.72327,19.4824,2.52652,1.72388
19.4848,2.60888,1.72179,19.5032,2.61982,1.72425
19.4775,2.6574,1.72214,19.4925,2.68861,1.72445
19.4668,2.72697,1.72214,19.4912,2.72281,1.72475
19.4558,2.79876,1.72158,19.4437,2.78982,1.72435
19.4455,2.86709,1.72054,19.4222,2.87693,1.71353
19.4372,2.92181,1.72019,19.417,2.91718,1.71483
19.4281,2.98329,1.72492,19.4128,2.97553,1.72553
19.419,3.04065,1.73365,19.4023,3.04275,1.7346
19.4086,3.10294,1.74046,19.4272,3.12335,1.74339
19.3984,3.1616,1.74656,19.3863,3.14378,1.74737
19.3864,3.23083,1.7495,19.3599,3.23806,1.74396
19.373,3.30486,1.75142,19.3892,3.32941,1.75471
19.3552,3.40187,1.75422,19.3703,3.43153,1.7571
19.342,3.47349,1.75402,19.3605,3.47421,1.75586
19.332,3.52759,1.75454,19.3052,3.52726,1.74667
19.3219,3.58188,1.75437,19.3381,3.59794,1.75592
19.3103,3.64579,1.75271,19.3228,3.67567,1.75517
19.2957,3.72477,1.75463,19.2793,3.72886,1.75582
19.2859,3.77745,1.75428,19.3004,3.79942,1.75614
19.2738,3.84356,1.75527,19.2912,3.8481,1.75671
19.2585,3.9259,1.75405,19.2432,3.93301,1.75621
19.2423,4.01274,1.75562,19.2204,4.00944,1.7502
19.2303,4.07643,1.75449,19.2462,4.07891,1.75473
19.2109,4.1805,1.75532,19.2227,4.197,1.75554
19.1947,4.2676,1.75484,19.2069,4.28284,1.75563
19.1595,4.45594,1.75329,19.1706,4.46791,1.75385
19.1291,4.61655,1.76801,19.1089,4.62659,1.76402
19.1142,4.69058,1.76958,19.1029,4.69533,1.77138
19.1032,4.74801,1.76912,19.0902,4.74034,1.76926
19.0902,4.81338,1.7672,19.0747,4.81971,1.76902
19.0812,4.85866,1.76598,19.067,4.85059,1.76609
19.0689,4.92081,1.76476,19.0542,4.91787,1.76577
19.055,4.99547,1.76321,19.007,4.98327,1.75506
19.0465,5.03906,1.76182,18.9997,5.02564,1.7538
19.0346,5.10106,1.7606,19.0206,5.08725,1.76114
19.0197,5.17949,1.75987,18.9738,5.16275,1.75039
19.0086,5.23831,1.75848,18.992,5.24092,1.75877
18.9948,5.31089,1.75848,18.9788,5.30365,1.75892
18.9794,5.39316,1.75811,18.9913,5.42964,1.75981
18.9664,5.46369,1.75704,18.9562,5.45513,1.75835
18.9523,5.53791,1.75861,18.915,5.5299,1.7532
18.9398,5.60859,1.75757,18.9259,5.6005,1.75745
18.928,5.67101,1.75771,18.8908,5.65924,1.74851
18.9045,5.79574,1.75614,18.8628,5.79432,1.74488
18.8735,5.96477,1.75931,18.8905,5.97477,1.76152
18.8592,6.04357,1.76257,18.8256,6.03971,1.75168
18.851,6.08537,1.76222,18.8693,6.09517,1.76409
18.8344,6.17118,1.76135,18.8522,6.17814,1.76347
18.8124,6.28853,1.75846,18.7981,6.291,1.76026
18.7868,6.42442,1.75863,18.7733,6.42069,1.76068
18.7687,6.52067,1.76389,18.7583,6.52038,1.76674
18.7574,6.57866,1.76319,18.7444,6.58675,1.76494
18.7448,6.6434,1.76302,18.733,6.63945,1.76468
18.7193,6.77806,1.75953,18.7405,6.77897,1.75967
18.6841,6.96532,1.7598,18.6742,6.97863,1.76343
18.6524,7.13012,1.7676,18.648,7.12021,1.77034
18.6257,7.26422,1.76983,18.615,7.27806,1.77321
18.6108,7.34037,1.76936,18.6001,7.34665,1.77195
18.6027,7.38106,1.76866,18.593,7.38672,1.77158
18.5849,7.46932,1.76953,18.5722,7.48548,1.77363
18.552,7.63638,1.7663,18.5427,7.63034,1.77071
18.5314,7.73946,1.77066,18.5248,7.74478,1.77321
18.5145,7.82415,1.77296,18.5076,7.83543,1.77862
18.4995,7.89646,1.77558,18.4899,7.90279,1.77857
18.476,8.00978,1.7747,18.4629,8.02064,1.77899
18.4281,8.24495,1.77132,18.4108,8.23536,1.76779
18.3998,8.38203,1.78334,18.3877,8.39641,1.78675
18.3734,8.5041,1.78614,18.3665,8.51894,1.78837
18.3629,8.55441,1.7853,18.3578,8.55234,1.7903
18.3485,8.62061,1.78548,18.3423,8.61467,1.78899
18.328,8.71514,1.78408,18.3182,8.71848,1.78806
18.3153,8.77801,1.7814,18.3053,8.77389,1.78452
18.2849,8.92106,1.77774,18.2308,8.92216,1.77704
18.2459,9.10921,1.781,18.2383,9.11184,1.78241
18.2206,9.22934,1.78217,18.2192,9.22173,1.78629
18.2059,9.29858,1.7837,18.1997,9.30328,1.78748
18.1915,9.36564,1.78283,18.1845,9.37512,1.78481
18.1747,9.44509,1.78261,18.1685,9.44964,1.78697
18.1396,9.60946,1.77894,18.1231,9.62678,1.77887
18.1138,9.73457,1.7792,18.1048,9.74607,1.7833
18.0924,9.83545,1.77987,18.0825,9.83312,1.78327
18.08,9.89522,1.77739,18.0666,9.88139,1.77394
18.0637,9.97338,1.77355,18.0539,9.99679,1.78025
18.0366,10.107,1.7693,18.0304,10.0932,1.77271
18.0025,10.2784,1.76558,17.9455,10.286,1.7555
17.9697,10.4461,1.76423,17.9886,10.4565,1.76938
17.9521,10.5374,1.75762,17.9113,10.5109,1.75413
17.9196,10.7094,1.755,17.9085,10.7015,1.75585
17.8878,10.8833,1.75261,17.8786,10.886,1.75651
17.8525,11.0715,1.76277,17.8439,11.066,1.76477
17.8347,11.1626,1.76312,17.8219,11.1563,1.76523
17.8073,11.3081,1.75426,17.7967,11.3161,1.7605
17.7829,11.4396,1.75007,17.7744,11.4391,1.75352
17.74,11.6736,1.75132,17.7297,11.6841,1.75823
17.7157,11.8068,1.75241,17.7033,11.8232,1.75539
17.7036,11.8732,1.74996,17.6931,11.8884,1.75403
17.6879,11.9606,1.75183,17.6798,11.9456,1.75562
17.6584,12.127,1.74674,17.6515,12.1129,1.75042
17.6385,12.2415,1.74751,17.6263,12.2723,1.7451
17.6055,12.4257,1.75288,17.5955,12.4448,1.75427
17.5923,12.4988,1.75415,17.5829,12.5196,1.75937
17.5813,12.5578,1.75572,17.5737,12.5704,1.76006
17.5582,12.6852,1.75489,17.5511,12.6809,1.75859
17.5334,12.8215,1.75366,17.5239,12.8488,1.76068
17.5147,12.922,1.7616,17.5072,12.9198,1.76124
17.5021,12.9874,1.75898,17.4935,13.0122,1.76325
17.4832,13.0881,1.75597,17.4807,13.0946,1.76609
17.4608,13.2098,1.75484,17.4542,13.1951,1.75433
17.4397,13.3235,1.75621,17.4336,13.3284,1.76075
17.4251,13.401,1.75827,17.4165,13.4239,1.76728
17.4148,13.4552,1.76176,17.3971,13.4914,1.7569
17.3992,13.5378,1.7601,17.3927,13.5371,1.76756
17.3718,13.681,1.76464,17.3657,13.6799,1.77204
17.3573,13.7562,1.76321,17.347,13.7605,1.76762
17.3472,13.8081,1.76139,17.3366,13.8334,1.76985
17.3339,13.8773,1.76017,17.3197,13.9162,1.76674
17.3126,13.9902,1.75701,17.2959,14.0049,1.76103
17.2756,14.1876,1.75283,17.2859,14.2426,1.75148
17.2537,14.3072,1.75303,17.222,14.3224,1.75396
17.2395,14.3838,1.75324,17.2517,14.4358,1.75493
17.2208,14.4868,1.74731,17.1696,14.5277,1.74484
17.1988,14.6114,1.74411,17.2143,14.6646,1.74787
17.1761,14.7404,1.74758,17.1476,14.7568,1.74818
17.1639,14.8059,1.74817,17.176,14.8372,1.74824
17.151,14.8779,1.74653,17.1648,14.9173,1.74672
17.1363,14.9611,1.74501,17.1497,14.9626,1.74465
17.124,15.0284,1.74433,17.1469,15.0703,1.74362
17.1146,15.0814,1.7452,17.088,15.0897,1.74323
17.0999,15.1652,1.7445,17.078,15.1769,1.744
17.0864,15.2396,1.74755,17.0627,15.2589,1.74741
17.0767,15.294,1.74807,17.0552,15.3016,1.74718
17.0621,15.3763,1.74545,17.0391,15.3896,1.74466
17.0485,15.4526,1.74582,17.0245,15.475,1.74629
17.0385,15.5091,1.74582,17.0191,15.5205,1.74518
17.0344,15.5323,1.74495,17.0106,15.5539,1.74454
17.0341,15.5339,1.74216,17.0101,15.5504,1.74229
17.0347,15.5311,1.73954,17.0105,15.5492,1.73934
17.0349,15.53,1.72819,17.0497,15.5469,1.72787
17.035,15.5298,1.67932,17.0513,15.6289,1.6764
17.035,15.5297,1.65035,17.0716,15.5645,1.65
17.035,15.5268,1.60061,17.0067,15.6154,1.59466
17.0349,15.5266,1.46221,17.0359,15.5421,1.46255
17.035,15.5251,1.31632,17.0479,15.5575,1.3141
17.0348,15.5252,1.22449,17.0764,15.5144,1.22957
17.0349,15.5263,1.07125,17.0384,15.5402,1.0696
17.0347,15.5264,0.968278,17.074,15.5184,0.970633
17.0349,15.5275,0.878801,17.0336,15.5289,0.880536
17.0348,15.5277,0.726609,17.0684,15.5457,0.726102
17.0359,15.5269,0.589317,17.0562,15.5143,0.589481
17.0358,15.5272,0.454338,17.0384,15.537,0.451719
17.037,15.526,0.346242,17.0691,15.5351,0.348738
17.0371,15.5261,0.212724,17.0741,15.5353,0.213222
17.0379,15.5255,0.134005,17.0709,15.5963,0.126754
17.0382,15.5256,0.125976,17.0476,15.5153,0.131424
17.0384,15.5256,0.121264,17.0492,15.5125,0.126431
17.0389,15.5256,0.118017,17.0536,15.501,0.122899
17.0392,15.5257,0.117424,17.0534,15.5004,0.12179
17.0405,15.5259,0.12074,17.0527,15.5017,0.124016
17.0391,15.5251,0.12842,17.0473,15.5357,0.130438
17.0361,15.523,0.184604,17.0681,15.5769,0.184143
17.0382,15.5215,0.334363,17.0446,15.5753,0.327819
17.0439,15.5201,0.495445,17.0599,15.5687,0.493914
17.0476,15.5217,0.679847,17.0339,15.5707,0.677825
17.0514,15.5212,0.824157,17.0566,15.5766,0.82313
17.0519,15.5193,0.956104,17.05,15.5857,0.953726
17.0545,15.5207,1.07864,17.0485,15.5344,1.07783
17.0554,15.5209,1.25194,17.0465,15.5875,1.24652
17.0569,15.5224,1.37388,17.0339,15.5848,1.3709
17.0581,15.5234,1.52697,17.0451,15.595,1.52639
17.0582,15.5234,1.6634,17.0782,15.5926,1.66634
17.0593,15.5247,1.77708,17.0684,15.5325,1.77875
17.0588,15.5271,1.9255,17.0628,15.5943,1.92806
17.0593,15.527,2.05774,17.0738,15.5879,2.0616
17.0593,15.5289,2.17996,17.0551,15.5303,2.17843
17.0601,15.529,2.32278,17.0666,15.5154,2.32283
17.058,15.5296,2.45779,17.0651,15.5179,2.4578
17.0571,15.5286,2.59554,17.0642,15.5299,2.59591
17.0574,15.529,2.70214,17.052,15.5046,2.70173
17.0577,15.5279,2.83078,17.068,15.5159,2.83065
17.0588,15.5286,2.96813,17.0289,15.5061,2.96814
17.0541,15.5275,3.11039,17.0318,15.5013,3.10945
17.0536,15.5263,-3.09983,17.0419,15.5203,-3.10031
17.0537,15.5263,-3.09163,17.0537,15.5316,-3.09158
17.054,15.5264,-3.0906,17.0439,15.5818,-3.08754
17.0542,15.5268,-3.08833,17.043,15.5745,-3.08503
17.0549,15.5275,-3.07856,17.0513,15.5355,-3.07896
17.058,15.5298,-3.04679,17.0459,15.5702,-3.04639
17.0595,15.5316,-2.97716,17.0708,15.5228,-2.98032
17.0615,15.534,-2.95599,17.0622,15.5296,-2.9562
17.0647,15.537,-2.95639,17.0583,15.5429,-2.95695
17.0681,15.5392,-2.95708,17.0539,15.5561,-2.9564
17.0652,15.5397,-2.94679,17.0414,15.5812,-2.94636
17.0353,15.5337,-2.93414,17.0117,15.5679,-2.93283
16.9923,15.5245,-2.93021,16.9819,15.5327,-2.93108
16.9122,15.5028,-2.91768,16.8711,15.5015,-2.92117
16.8484,15.4881,-2.91245,16.8171,15.4781,-2.9142
16.7888,15.4741,-2.90942,17.5536,15.6665,-2.84358
16.742,15.4629,-2.90698,16.7355,15.4639,-2.90682
16.666,15.441,-2.90314,16.6558,15.4362,-2.90508
16.6132,15.4282,-2.90331,16.8888,15.4757,-2.87975
16.532,15.4087,-2.91501,17.5205,15.626,-2.83485
16.4886,15.3989,-2.92648,16.7675,15.4528,-2.90216
16.4239,15.3802,-2.94467,16.4315,15.3566,-2.94422
16.3585,15.3675,-2.96151,16.2362,15.3306,-2.97272
16.3053,15.3581,-2.9722,16.3193,15.3344,-2.9718
16.2402,15.3411,-2.97919,16.2359,15.3586,-2.9788
16.1874,15.3326,-2.98455,16.1861,15.3289,-2.98421
16.1193,15.322,-2.99097,16.1228,15.3227,-2.99114
16.02,15.3018,-2.99527,16.065,15.3023,-2.99112
15.947,15.2911,-2.99826,15.9438,15.299,-2.99818
15.8886,15.2828,-3.00003,15.8843,15.2713,-3.00001
15.8104,15.2684,-3.00258,15.8041,15.2604,-3.00269
15.6891,15.2517,-3.01041,15.676,15.236,-3.01272
15.5414,15.2299,-3.00205,15.533,15.2318,-3.00415
15.4764,15.2208,-3.00566,15.4751,15.2202,-3.00649
15.3761,15.2059,-3.01367,15.3894,15.2085,-3.01395
15.2429,15.1891,-3.01941,15.2476,15.1945,-3.01791
15.0656,15.1676,-3.02742,15.0637,15.1752,-3.02737
14.9381,15.1524,-3.02179,14.932,15.1585,-3.02199
14.8695,15.1435,-3.02173,14.855,15.1496,-3.02315
14.8279,15.1384,-3.01291,14.8071,15.1491,-3.00972
14.7647,15.1297,-2.99249,14.7364,15.1373,-2.99152
14.6989,15.1194,-2.97967,14.6792,15.1238,-2.9819
14.6258,15.107,-2.96763,14.6192,15.1167,-2.9662
14.5142,15.0867,-2.95541,14.52,15.1019,-2.95329
14.3799,15.0607,-2.94391,14.3719,15.0737,-2.94077
14.2979,15.0439,-2.94186,14.2985,15.0503,-2.94274
14.2441,15.0329,-2.93876,14.2369,15.0419,-2.93954
14.1559,15.0145,-2.93499,14.1568,15.0231,-2.93407
14.0105,14.9835,-2.92588,14.0154,14.9974,-2.92442
13.9452,14.9691,-2.92198,13.9351,14.977,-2.92354
13.8896,14.9568,-2.9253,13.8865,14.9638,-2.93084
13.8286,14.9431,-2.93666,13.8164,14.9493,-2.93742
13.7809,14.9336,-2.95276,13.7794,14.9446,-2.95326
13.7164,14.9217,-2.96969,13.6983,14.9297,-2.96863
13.6618,14.9131,-2.98083,13.6665,14.924,-2.98338
13.6088,14.9047,-2.98736,13.6025,14.917,-2.98696
13.5128,14.8903,-3.00115,13.498,14.9001,-3.00029
13.361,14.8704,-3.01675,13.3663,14.8865,-3.01873
13.2267,14.8538,-3.01146,13.1934,14.8686,-3.00917
13.171,14.8465,-3.01541,13.1517,14.8604,-3.01827
13.1116,14.839,-3.01768,13.1004,14.8218,-3.01575
12.9869,14.8244,-3.02476,12.9774,14.8447,-3.02133
12.8527,14.8093,-3.03539,12.846,14.8299,-3.03387
12.6417,14.7884,-3.04776,12.6299,14.8058,-3.04732
12.4406,14.7706,-3.04995,12.4337,14.7539,-3.04791
12.3181,14.7593,-3.04646,12.298,14.7454,-3.04568
12.2279,14.7515,-3.04863,12.2071,14.7327,-3.04892
12.173,14.7465,-3.05195,12.1492,14.7291,-3.04892
12.1126,14.7411,-3.0516,12.1135,14.7268,-3.05
12.0583,14.7369,-3.03923,12.0514,14.7237,-3.04016
11.9958,14.7301,-3.0237,11.9811,14.7133,-3.02497
11.9338,14.7221,-3.00118,11.9195,14.7051,-3.00464
11.8866,14.7152,-2.97485,11.884,14.7022,-2.97605
11.8741,14.7142,-2.96923,11.8472,14.6935,-2.96696
11.8723,14.7138,-2.96911,11.8698,14.6995,-2.96645
11.8718,14.7137,-2.96896,11.8795,14.6958,-2.97059
11.8738,14.7141,-2.96792,11.8739,14.6996,-2.96576
11.8764,14.7149,-2.94534,11.8651,14.7028,-2.94674
11.8776,14.7161,-2.84644,11.8781,14.7165,-2.84744
11.8758,14.7185,-2.65416,11.8687,14.7282,-2.65329
11.8512,14.7153,-2.41012,11.856,14.7327,-2.40984
11.8539,14.7176,-2.21185,11.8768,14.6926,-2.21331
11.8599,14.7156,-2.03805,11.8478,14.7185,-2.03767
11.8702,14.7155,-1.90636,11.8586,14.7199,-1.90568
11.8798,14.7121,-1.79813,11.8549,14.7086,-1.79897
11.8794,14.7133,-1.81866,11.8999,14.7149,-1.82522
11.8781,14.7186,-1.81333,11.8868,14.7388,-1.81642
11.8778,14.7198,-1.81115,11.8804,14.7239,-1.80973
11.8772,14.7243,-1.80033,11.8788,14.7204,-1.801
11.8765,14.7262,-1.76804,11.8753,14.7196,-1.77349
11.8736,14.7292,-1.66792,11.8858,14.7124,-1.6676
11.8718,14.7309,-1.58056,11.886,14.7122,-1.58017
11.8796,14.7244,-1.52096,11.8564,14.6862,-1.51943
11.8785,14.7252,-1.46962,11.8719,14.6857,-1.46872
11.8739,14.7294,-1.47256,11.8893,14.7343,-1.47244
11.8738,14.7295,-1.48118,11.8808,14.7296,-1.48126
11.8738,14.7298,-1.50059,11.8869,14.7366,-1.50116
11.8737,14.7301,-1.51469,11.8843,14.7345,-1.51537
11.8732,14.7312,-1.53197,11.8849,14.7348,-1.53273
11.8729,14.7316,-1.56655,11.8914,14.7456,-1.5673
11.873,14.7317,-1.60126,11.8905,14.747,-1.60167
11.8868,14.7113,-1.63141,11.894,14.6945,-1.6341
11.8868,14.7114,-1.66439,11.8957,14.6968,-1.66883
11.8869,14.7114,-1.70681,11.9013,14.6972,-1.71069
11.8869,14.7114,-1.73787,11.8925,14.6988,-1.74247
11.8871,14.7114,-1.7822,11.9027,14.6949,-1.78621
11.8889,14.7157,-1.90846,11.868,14.7159,-1.90734
11.889,14.7156,-2.04086,11.8869,14.721,-2.04075
11.8911,14.718,-2.1396,11.8858,14.7701,-2.13937
11.8911,14.718,-2.28666,11.8941,14.749,-2.28632
11.8921,14.7218,-2.41444,11.8993,14.7654,-2.41309
11.8931,14.7237,-2.53585,11.9013,14.7709,-2.53575
11.8931,14.7236,-2.64337,11.8791,14.7106,-2.64339
11.8893,14.7341,-2.77173,11.8783,14.7853,-2.77128
11.8869,14.7464,-2.78417,11.8894,14.7614,-2.78427
11.8867,14.7463,-2.85627,11.8723,14.7625,-2.85585
11.8866,14.7462,-2.92831,11.8768,14.7519,-2.92679
11.8866,14.7462,-2.94274,11.9088,14.7575,-2.94
11.8769,14.7443,-2.94391,11.8232,14.7402,-2.93898
11.8453,14.738,-2.94482,11.8106,14.7374,-2.94074
11.8138,14.7318,-2.94572,11.7891,14.7424,-2.94375
11.7823,14.7255,-2.94662,11.7757,14.7516,-2.94322
11.754,14.7268,-2.94691,11.7332,14.7409,-2.94525
11.7225,14.7206,-2.94781,11.6995,14.7212,-2.9432
11.6839,14.7129,-2.94756,11.6443,14.7346,-2.94379
11.6219,14.7008,-2.94826,11.5772,14.7116,-2.94489
11.505,14.6789,-2.95486,11.4929,14.6903,-2.95541
11.4914,14.6763,-2.95547,11.4641,14.69,-2.95512
11.4227,14.6632,-2.95856,11.3983,14.6326,-2.95938
11.3447,14.6488,-2.96125,11.3205,14.6201,-2.95998
11.284,14.6385,-2.96424,11.2613,14.6101,-2.96467
11.2141,14.6261,-2.96704,11.1865,14.5973,-2.96749
11.1094,14.6079,-2.97259,11.0756,14.619,-2.96905
11.0126,14.5922,-2.97523,11.0036,14.568,-2.97572
10.9308,14.5785,-2.97156,10.911,14.5526,-2.97507
10.864,14.5673,-2.97661,10.8511,14.5797,-2.97394
10.791,14.5551,-2.97748,10.7782,14.5312,-2.97761
10.6733,14.5361,-2.98185,10.6599,14.5138,-2.98208
10.4535,14.5015,-2.98937,10.4537,14.5094,-2.99096
10.2654,14.4741,-2.99756,10.2582,14.4767,-3.00123
10.0809,14.4474,-2.98906,10.0653,14.4563,-2.9882
9.96406,14.4291,-2.98405,9.95095,14.4404,-2.98249
9.90254,14.4204,-2.98667,9.88511,14.4302,-2.98475
9.85196,14.4125,-2.98458,9.83456,14.3906,-2.98582
9.7847,14.4016,-2.97605,9.76884,14.3806,-2.97411
9.72439,14.3924,-2.97249,9.70961,14.4035,-2.97141
9.63683,14.3772,-2.96394,9.63302,14.3597,-2.96125
9.51386,14.355,-2.96045,9.50252,14.3631,-2.96472
9.30077,14.317,-2.95564,9.30557,14.2968,-2.95986
9.16911,14.2926,-2.94893,9.15285,14.2721,-2.95042
9.10039,14.2792,-2.94893,9.09319,14.2586,-2.94934
9.01567,14.2636,-2.94842,9.01899,14.276,-2.9512
8.8924,14.2397,-2.95109,8.87806,14.248,-2.9524
8.70018,14.2036,-2.95427,8.69327,14.2099,-2.95686
8.4905,14.1645,-2.9519,8.48928,14.1748,-2.95336
8.34288,14.1358,-2.9472,8.33707,14.1169,-2.94654
8.2548,14.1196,-2.94785,8.24071,14.1302,-2.94721
8.17309,14.1036,-2.94942,8.15969,14.1145,-2.95028
8.04568,14.0793,-2.94919,8.04578,14.0917,-2.9483
7.84264,14.041,-2.94958,7.84444,14.0217,-2.95069
7.71673,14.0163,-2.94824,7.68645,14.0241,-2.94885
7.54729,13.9841,-2.952,7.53151,13.992,-2.95032
7.35712,13.9484,-2.95591,7.35353,13.9593,-2.9558
7.14611,13.9092,-2.95681,7.11854,13.9134,-2.96169
7.03057,13.8875,-2.95224,7.01045,13.869,-2.9502
6.94189,13.8711,-2.95134,6.92602,13.8824,-2.95256
6.86617,13.8566,-2.95657,6.85768,13.871,-2.95509
6.75941,13.8368,-2.95767,6.74906,13.85,-2.95857
6.57298,13.803,-2.96112,6.55968,13.8135,-2.96354
6.36067,13.7649,-2.96413,6.35443,13.7731,-2.96862
6.22195,13.7401,-2.9577,6.18291,13.7451,-2.96315
6.13233,13.7234,-2.95619,6.0856,13.7336,-2.95738
6.04778,13.7075,-2.95791,6.01424,13.7184,-2.96045
5.93465,13.6874,-2.95983,5.9037,13.7017,-2.95799
5.76303,13.656,-2.96563,5.71633,13.6589,-2.9685
5.62303,13.6305,-2.95959,5.58571,13.6415,-2.96316
5.57808,13.6222,-2.96116,5.53519,13.635,-2.96059
5.51434,13.6106,-2.96114,5.46879,13.619,-2.96591
5.46163,13.6014,-2.96256,5.42119,13.6107,-2.96613
5.42318,13.5948,-2.958,5.38338,13.5605,-2.95947
5.41759,13.5938,-2.95765,5.37845,13.5597,-2.95803
5.41332,13.593,-2.9573,5.37485,13.5665,-2.95462
5.37581,13.5861,-2.96079,5.34732,13.5614,-2.95843
5.27697,13.5682,-2.96271,5.24949,13.5832,-2.96553
5.14603,13.5446,-2.96514,5.11773,13.5165,-2.97186
4.99361,13.5174,-2.9606,4.95884,13.4983,-2.95938
4.90986,13.5022,-2.95621,4.90815,13.4914,-2.95196
4.89301,13.499,-2.95744,4.85862,13.4758,-2.95804
4.89518,13.4994,-2.95744,4.8558,13.4793,-2.95305
4.90054,13.5004,-2.95499,4.90143,13.489,-2.95063
4.90158,13.5006,-2.95866,4.899,13.4844,-2.96157
4.90602,13.5016,-2.97873,4.92475,13.4844,-2.98693
4.90899,13.5022,-3.05989,4.89144,13.5193,-3.05791
4.90938,13.5018,3.05699,4.88899,13.5345,3.05982
4.90886,13.5003,2.87647,4.87869,13.5465,2.88124
4.90595,13.5013,2.75575,4.91682,13.5387,2.75812
4.90512,13.5014,2.61951,4.91235,13.4885,2.61862
4.90507,13.5014,2.48482,4.90876,13.5557,2.48719
4.90564,13.5025,2.37034,4.92954,13.4934,2.36775
4.90502,13.5022,2.24091,4.92464,13.4946,2.24037
4.90874,13.5041,2.11153,4.92046,13.4932,2.10987
4.90869,13.504,1.98901,4.92795,13.4986,1.98355
4.91048,13.5051,1.86364,4.93544,13.4988,1.86047
4.91032,13.5051,1.74538,4.92526,13.5655,1.74263
4.91111,13.5062,1.62643,4.93615,13.4974,1.62437
4.91148,13.5072,1.49855,4.9373,13.4983,1.49925
4.91129,13.5072,1.37674,4.92852,13.5638,1.37394
4.91387,13.5086,1.24055,4.92627,13.5375,1.23895
4.91396,13.5094,1.196,4.9248,13.5022,1.19953
4.91372,13.5092,1.19775,4.92444,13.503,1.19759
4.9135,13.5091,1.19844,4.9273,13.5036,1.19896
4.91344,13.509,1.19864,4.92662,13.5037,1.20012
4.91341,13.509,1.19862,4.92439,13.5027,1.19905
4.91341,13.509,1.19862,4.92392,13.5037,1.19934
4.9137,13.5099,1.19895,4.92461,13.5033,1.19915
4.91378,13.5097,1.20351,4.923,13.5024,1.20277
4.91429,13.508,1.21642,4.92056,13.5006,1.21338
4.91543,13.5048,1.26522,4.89943,13.5117,1.26311
4.917,13.5056,1.35759,4.90513,13.525,1.3561
4.92025,13.512,1.49539,4.90507,13.5297,1.49509
4.92406,13.5183,1.67354,4.91862,13.5406,1.67233
4.92569,13.5244,1.86248,4.91913,13.5458,1.86102
4.92674,13.5239,1.97786,4.92893,13.5341,1.97831
4.92863,13.5283,2.17519,4.9175,13.5246,2.17563
4.92674,13.5328,2.29233,4.92622,13.5487,2.295
4.92739,13.5327,2.45795,4.936,13.5339,2.45654
4.92451,13.5351,2.5545,4.89951,13.5549,2.56149
4.92589,13.5362,2.69616,4.91354,13.5338,2.69359
4.92238,13.5366,2.79022,4.91689,13.5671,2.79224
4.92354,13.5375,2.90831,4.92186,13.5707,2.91368
4.91883,13.5363,3.02717,4.90957,13.5574,3.02784
4.91998,13.5372,-3.13818,4.91825,13.5252,-3.13691
4.91658,13.5349,-3.01936,4.86752,13.5456,-3.01889
4.91773,13.5359,-2.90118,4.92114,13.5123,-2.90237
4.91504,13.5326,-2.78243,4.92882,13.5203,-2.78874
4.91486,13.5325,-2.78332,4.92643,13.5198,-2.79286
4.90886,13.531,-2.78933,4.89963,13.5176,-2.78971
4.89667,13.5278,-2.7974,4.84448,13.5063,-2.7982
4.88449,13.5247,-2.80546,4.83291,13.5013,-2.80691
4.8723,13.5216,-2.81354,4.83055,13.5032,-2.8086
4.86012,13.5184,-2.8216,4.82674,13.5021,-2.82158
4.84797,13.5153,-2.82965,4.81849,13.5056,-2.83077
4.83573,13.5122,-2.83775,4.84093,13.5048,-2.83591
4.82361,13.509,-2.84577,4.8371,13.4976,-2.84573
4.81143,13.5059,-2.85383,4.80143,13.5119,-2.85364
4.79921,13.5028,-2.86192,4.7827,13.5026,-2.86072
4.7871,13.4996,-2.86995,4.79662,13.5067,-2.8771
4.77489,13.4965,-2.87802,4.78819,13.4977,-2.893
4.76272,13.4934,-2.88608,4.76314,13.4987,-2.88549
4.75053,13.4902,-2.89415,4.69023,13.5226,-2.89
4.70456,13.4788,-2.90428,4.65101,13.4706,-2.90565
4.65895,13.467,-2.91069,4.6459,13.4681,-2.91178
4.57712,13.45,-2.91943,4.51707,13.4827,-2.91279
4.50591,13.4352,-2.92704,4.46403,13.4725,-2.92043
4.4347,13.4187,-2.93368,4.41446,13.4578,-2.92811
4.3633,13.4038,-2.94131,4.32913,13.4409,-2.93732
4.29212,13.3889,-2.94891,4.23506,13.4199,-2.94584
4.22194,13.3725,-2.95555,4.15853,13.411,-2.94974
4.17226,13.3632,-2.96013,4.10278,13.3977,-2.95641
4.096,13.3495,-2.96389,4.0694,13.3602,-2.95923
4.01878,13.3348,-2.96778,3.94085,13.375,-2.96274
3.94319,13.3214,-2.97216,3.92386,13.3713,-2.96896
3.86749,13.308,-2.97656,3.81652,13.3287,-2.97315
3.7312,13.2846,-2.98241,3.67938,13.3103,-2.97853
3.5945,13.2629,-2.98754,3.53595,13.3097,-2.98198
3.47325,13.2444,-2.98913,3.46312,13.3075,-2.98356
3.34339,13.2246,-2.99074,3.3508,13.2817,-2.98576
3.23492,13.2081,-2.99135,3.1851,13.2664,-2.98313
3.16233,13.1972,-2.99483,3.12768,13.2452,-2.98724
2.97783,13.1712,-3.00867,2.96586,13.2132,-2.99665
2.83007,13.1519,-3.01397,2.81897,13.2008,-3.00576
2.69234,13.1341,-3.01067,2.64799,13.182,-3.00418
2.60446,13.1232,-3.01189,2.55791,13.1825,-3.00155
2.52101,13.1124,-3.01572,2.49367,13.1214,-3.01232
2.39827,13.098,-3.02233,2.36433,13.1061,-3.02271
2.22134,13.0775,-3.03423,2.19763,13.1184,-3.02931
1.99701,13.0549,-3.03833,1.9746,13.1201,-3.03099
1.87926,13.043,-3.03079,1.83733,13.0167,-3.02991
1.80549,13.035,-3.03462,1.75561,13.0054,-3.03074
1.75025,13.0297,-3.03806,1.70042,13.0724,-3.03346
1.68094,13.0226,-3.04101,1.64914,13.0648,-3.03633
1.63578,13.018,-3.03736,1.58822,12.9895,-3.03517
1.57969,13.0121,-3.0251,1.53487,12.9831,-3.02383
1.51062,13.0032,-3.00319,1.48122,12.9759,-3.00647
1.46396,12.9963,-2.97816,1.4165,12.9683,-2.98049
1.40305,12.9857,-2.95791,1.35512,12.956,-2.9576
1.34209,12.9733,-2.93886,1.29498,12.945,-2.93931
1.29053,12.9624,-2.92231,1.23232,12.931,-2.92139
1.18041,12.9373,-2.90992,1.11799,12.9891,-2.90535
1.04485,12.9044,-2.89702,0.991247,12.8744,-2.89616
0.954071,12.8811,-2.88777,0.874953,12.9313,-2.88266
0.897235,12.8663,-2.88611,0.866496,12.9018,-2.89205
0.84056,12.8515,-2.88652,0.770318,12.8949,-2.88199
0.798595,12.8406,-2.88739,0.718643,12.8711,-2.88476
0.778284,12.8353,-2.886,0.687766,12.8882,-2.87872
0.778758,12.8354,-2.886,0.685658,12.8829,-2.87922
0.779358,12.8356,-2.886,0.690561,12.8719,-2.87997
0.779426,12.8356,-2.88652,0.7044,12.8839,-2.88415
0.781582,12.8362,-2.89141,0.708501,12.8842,-2.88736
0.784616,12.8372,-2.90485,0.700678,12.8809,-2.90119
0.785927,12.8377,-2.92928,0.696087,12.8775,-2.92436
0.786232,12.8378,-2.97553,0.78353,12.848,-2.97555
0.790682,12.839,-3.01496,0.786189,12.8365,-3.01514
0.790658,12.839,-3.03713,0.7109,12.8798,-3.03496
0.790495,12.8388,-3.03451,0.723541,12.806,-3.03155
0.790173,12.8386,-3.03241,0.716597,12.8041,-3.0312
0.789966,12.8386,-3.03171,0.717104,12.8036,-3.02972
0.789916,12.8386,-3.03171,0.718545,12.8045,-3.02962
0.78924,12.8385,-3.02857,0.713814,12.8039,-3.02814
0.790819,12.8393,-3.02683,0.715982,12.8051,-3.02397
0.79228,12.8404,-3.02072,0.717514,12.8044,-3.02124
0.794481,12.8428,-2.98913,0.73077,12.8135,-2.98833
0.796442,12.8459,-2.91094,0.757314,12.8293,-2.90875
0.798121,12.8494,-2.74879,0.761792,12.8445,-2.74703
0.793697,12.8493,-2.5708,0.76163,12.8658,-2.56697
0.788627,12.8439,-2.37826,0.779214,12.8527,-2.37717
0.788677,12.8468,-2.28723,0.760543,12.8444,-2.28405
0.786444,12.8403,-2.11853,0.766352,12.8415,-2.11754
0.785715,12.8418,-1.96965,0.771226,12.8542,-1.96916
0.785698,12.8419,-1.94868,0.7652,12.8336,-1.94977
0.785573,12.8429,-1.93754,0.790601,12.8612,-1.93889
0.784985,12.8448,-1.91643,0.773999,12.841,-1.91692
0.78549,12.8377,-1.88063,0.800779,12.8268,-1.88134
0.783624,12.8417,-1.81671,0.759691,12.8858,-1.81437
0.783078,12.8427,-1.74201,0.770634,12.8317,-1.74549
0.782048,12.8442,-1.70606,0.777302,12.8398,-1.70203
0.781544,12.8414,-1.65439,0.751904,12.8525,-1.65144
0.782237,12.8298,-1.58362,0.779311,12.8057,-1.58041
0.78117,12.8305,-1.50723,0.827428,12.8151,-1.508
0.780537,12.8311,-1.46686,0.785872,12.838,-1.46669
0.786194,12.8208,-1.42337,0.771394,12.8188,-1.42336
0.785506,12.8211,-1.38876,0.772206,12.8197,-1.38855
0.781461,12.8238,-1.35924,0.786557,12.8366,-1.35811
0.77468,12.8298,-1.34314,0.748657,12.8355,-1.34367
0.771542,12.8324,-1.32485,0.783745,12.8359,-1.32649
0.768337,12.8343,-1.28681,0.784768,12.8337,-1.29004
0.777381,12.8249,-1.17183,0.809758,12.792,-1.17324
0.775091,12.8258,-1.09394,0.817297,12.8015,-1.09318
0.7734,12.8263,-1.03294,0.764186,12.8003,-1.03114
0.789944,12.8118,-0.974999,0.833834,12.8155,-0.973562
0.788499,12.8119,-0.929446,0.779355,12.8233,-0.929538
0.787243,12.8122,-0.881799,0.779338,12.8194,-0.881191
0.785058,12.8123,-0.828566,0.770839,12.807,-0.827511
0.795322,12.8061,-0.760485,0.772832,12.8123,-0.759846
0.792996,12.8058,-0.656026,0.813878,12.8224,-0.655467
0.801217,12.8046,-0.521356,0.792645,12.8195,-0.522307
0.798871,12.8034,-0.347936,0.81724,12.8076,-0.349109
0.806762,12.8047,-0.232957,0.809937,12.8039,-0.232338
0.80609,12.8042,-0.153473,0.83086,12.7901,-0.154155
0.808547,12.806,-0.0889463,0.794967,12.8181,-0.0881866
0.807155,12.8046,-0.0179751,0.817411,12.8158,-0.0181966
0.817191,12.8106,0.171109,0.82984,12.8113,0.171393
0.820777,12.8147,0.349747,0.837771,12.8147,0.349477
0.820651,12.8141,0.389589,0.836115,12.8612,0.387167
0.819674,12.8109,0.578285,0.837111,12.8638,0.580331
0.828327,12.8213,0.716858,0.807012,12.8658,0.713121
0.842443,12.8393,0.970921,0.839794,12.8617,0.968881
0.845556,12.8448,0.998017,0.850682,12.8802,0.995963
0.846355,12.8429,1.1406,0.808041,12.9132,1.13696
0.844161,12.8475,1.28427,0.820774,12.9025,1.28256
0.845002,12.8459,1.42609,0.818277,12.8872,1.42465
0.847625,12.8536,1.57922,0.799746,12.8929,1.57881
0.848749,12.8531,1.6309,0.830926,12.9097,1.6284
0.843443,12.8556,1.68165,0.807978,12.8826,1.68251
0.844566,12.8551,1.73225,0.8259,12.8967,1.73065
0.845687,12.8547,1.78277,0.854924,12.9121,1.78287
0.846806,12.8543,1.83322,0.849089,12.8458,1.83891
0.839225,12.8588,1.88477,0.77337,12.8996,1.89109
0.840348,12.8584,1.93537,0.79629,12.8681,1.93352
0.84147,12.8579,1.98594,0.804248,12.9076,1.98872
0.842585,12.8575,2.03617,0.840371,12.8976,2.03336
0.840996,12.8659,2.08574,0.827351,12.8607,2.08118
0.842116,12.8654,2.13621,0.82702,12.8646,2.13757
0.843717,12.8651,2.23969,0.825766,12.8759,2.23969
0.838457,12.8722,2.37238,0.863431,12.9315,2.37975
0.835051,12.8734,2.61897,0.81644,12.8863,2.62571
0.830615,12.8743,2.64616,0.773391,12.8911,2.65093
0.828013,12.8764,2.7838,0.765594,12.8863,2.78746
0.8239,12.876,2.92108,0.775078,12.8772,2.92703
0.824589,12.8773,3.05956,0.846693,12.9066,3.06403
0.818733,12.8746,-3.08519,0.764568,12.8726,-3.08112
0.814756,12.8733,-2.94719,0.76318,12.895,-2.94266
0.815445,12.8746,-2.80911,0.762052,12.8673,-2.8059
0.811211,12.8724,-2.67156,0.762254,12.8712,-2.66816
0.811902,12.8737,-2.53303,0.780395,12.8704,-2.53005
0.809785,12.8728,-2.39566,0.762646,12.8895,-2.39184
0.806477,12.8705,-2.25822,0.759258,12.8566,-2.25623
0.807171,12.8717,-2.11953,0.768919,12.8898,-2.11641
0.80374,12.8687,-1.98229,0.767989,12.8593,-1.97867
0.80348,12.8692,-1.88681,0.828627,12.8711,-1.88746
0.803571,12.8464,-1.81345,0.790529,12.8486,-1.81187
0.904153,12.0836,-1.62834,0.902805,12.0689,-1.6278
0.912479,12.0197,-1.61583,0.928033,11.9539,-1.62106
0.920793,11.9559,-1.60334,0.927086,11.9314,-1.60234
0.853853,12.4636,-1.58934,0.846277,12.4499,-1.58824
0.862255,12.3999,-1.57685,0.858948,12.4033,-1.57577
0.870647,12.3362,-1.56438,0.86858,12.3397,-1.5643
0.959803,11.7384,-1.54411,0.94458,11.7197,-1.54286
0.968743,11.6744,-1.53157,0.985036,11.6661,-1.53115
0.977626,11.6108,-1.5191,0.977086,11.6026,-1.51877
0.986551,11.5469,-1.50658,0.99155,11.5191,-1.5055
1.01715,11.5115,-1.47888,0.987044,11.4854,-1.47643
1.02704,11.4478,-1.46637,1.04874,11.4243,-1.46827
1.03691,11.3842,-1.45387,1.05966,11.395,-1.45926
1.06085,11.294,-1.43566,1.07046,11.3019,-1.43478
1.07113,11.2302,-1.42311,1.07092,11.22,-1.42262
1.08139,11.1665,-1.41058,1.06646,11.1614,-1.40248
1.07748,11.125,-1.40261,1.06549,11.1148,-1.40193
1.08745,11.0613,-1.39009,1.09685,11.0661,-1.3907
1.11007,10.938,-1.38378,1.1101,10.9701,-1.38372
1.10532,10.893,-1.38811,1.09385,10.8917,-1.38761
1.14643,10.6808,-1.38349,1.13909,10.6685,-1.38779
1.16882,10.4935,-1.38542,1.16659,10.4927,-1.38959
1.19242,10.318,-1.38556,1.19284,10.3012,-1.38589
1.22039,10.142,-1.38391,1.22038,10.1424,-1.38437
1.2505,9.97662,-1.38032,1.25461,9.97726,-1.3831
1.2812,9.80289,-1.3768,1.28593,9.80629,-1.37568
1.31172,9.63576,-1.37303,1.29497,9.62854,-1.37136
1.34141,9.47471,-1.37001,1.32959,9.45863,-1.36713
1.36318,9.37014,-1.37146,1.35178,9.35837,-1.36582
1.40176,9.18373,-1.37022,1.39215,9.16211,-1.3686
1.40651,9.15997,-1.3701,1.39449,9.14672,-1.3684
1.43031,9.04084,-1.36952,1.42118,9.01764,-1.36896
1.4565,8.91469,-1.36835,1.43803,8.9156,-1.3657
1.48042,8.79538,-1.36776,1.49554,8.80027,-1.36387
1.50329,8.68424,-1.3683,1.48968,8.67674,-1.36445
1.5159,8.62279,-1.36877,1.50628,8.6185,-1.36815
1.54689,8.47514,-1.36634,1.53161,8.47364,-1.36778
1.5667,8.37891,-1.36441,1.56149,8.36181,-1.36923
1.59722,8.23242,-1.36653,1.58783,8.22499,-1.36654
1.62642,8.09791,-1.36333,1.61158,8.09872,-1.36256
1.67249,7.8798,-1.36725,1.65904,7.86994,-1.36322
1.71354,7.68274,-1.36144,1.72498,7.68831,-1.35977
1.7453,7.53254,-1.35957,1.76247,7.54345,-1.3645
1.76871,7.42502,-1.35945,1.75186,7.42653,-1.3676
1.77919,7.37608,-1.36032,1.8017,7.3689,-1.36752
1.81094,7.22904,-1.36216,1.82934,7.23377,-1.36992
1.82495,7.16303,-1.36047,1.78619,7.1534,-1.36502
1.8389,7.09752,-1.35977,1.81773,7.09325,-1.36085
1.86378,6.98338,-1.36077,1.82785,6.9589,-1.36213
1.88949,6.86248,-1.35972,1.85518,6.82818,-1.36132
1.91516,6.74539,-1.35461,1.92659,6.76212,-1.36306
1.92894,6.68239,-1.35583,1.93928,6.69957,-1.35887
1.94276,6.61888,-1.3574,1.93033,6.616,-1.35673
1.97632,6.46471,-1.35976,1.99224,6.43635,-1.37141
2.01187,6.29721,-1.36482,2.00206,6.3041,-1.36375
2.05573,6.08723,-1.3706,2.04102,6.09086,-1.36564
2.10164,5.86356,-1.36972,2.08999,5.85283,-1.36826
2.12393,5.76101,-1.37099,2.12015,5.72916,-1.3714
2.13846,5.689,-1.37152,2.13081,5.66585,-1.37179
2.16199,5.57482,-1.37267,2.15744,5.54638,-1.37387
2.20572,5.35681,-1.37645,2.19608,5.34263,-1.37657
2.23497,5.2138,-1.37569,2.23347,5.17178,-1.37593
2.26557,5.06563,-1.36796,2.20656,5.02066,-1.36423
2.28215,4.9851,-1.36936,2.27266,4.96616,-1.36821
2.29151,4.93919,-1.3711,2.22497,4.89103,-1.36417
2.3137,4.83496,-1.371,2.29527,4.81713,-1.37517
2.35036,4.65369,-1.37094,2.28775,4.61578,-1.36538
2.37529,4.5351,-1.36283,2.32155,4.49159,-1.35689
2.3918,4.45886,-1.36292,2.34289,4.42004,-1.36164
2.42123,4.32258,-1.36313,2.36179,4.30212,-1.35652
2.4623,4.13175,-1.36565,2.40851,4.11074,-1.36483
2.49918,3.95641,-1.36766,2.51765,3.96264,-1.37331
2.53849,3.77171,-1.35983,2.55585,3.77466,-1.36531
2.56482,3.65402,-1.35819,2.58412,3.6461,-1.36066
2.57647,3.60041,-1.35714,2.59682,3.5825,-1.36269
2.59269,3.53076,-1.36029,2.60999,3.5174,-1.36345
2.62703,3.36918,-1.36204,2.64292,3.36268,-1.36694
2.66158,3.2057,-1.368,2.68067,3.19619,-1.36931
2.69837,3.02905,-1.3656,2.71419,3.03699,-1.36895
2.73871,2.83792,-1.36127,2.75362,2.83913,-1.36518
2.75334,2.7691,-1.36022,2.77317,2.75264,-1.36385
2.76872,2.697,-1.36144,2.78501,2.68862,-1.36474
2.78733,2.60997,-1.3622,2.7698,2.60658,-1.36189
2.81423,2.48189,-1.36499,2.79417,2.4779,-1.36284
2.85822,2.27222,-1.36733,2.8423,2.24944,-1.36579
2.90234,2.05929,-1.36618,2.90834,2.04959,-1.35893
2.94484,1.85581,-1.36659,2.9557,1.84343,-1.37539
2.97266,1.72109,-1.36571,2.98664,1.70782,-1.37433
3.00807,1.55303,-1.36284,3.01471,1.56557,-1.3735
3.02413,1.47709,-1.36267,3.03242,1.45353,-1.3696
3.03416,1.42951,-1.36389,3.03596,1.43702,-1.37629
3.05385,1.33565,-1.36511,3.01218,1.32507,-1.3578
3.08586,1.18213,-1.36406,3.05831,1.18905,-1.36313
3.11123,1.06369,-1.35878,3.12489,1.08093,-1.35758
3.1228,1.00996,-1.35896,3.10636,1.00399,-1.36134
3.13747,0.941952,-1.35459,3.14884,0.930622,-1.34935
3.16414,0.819952,-1.35756,3.14771,0.797282,-1.3562
3.20525,0.628078,-1.36227,3.18458,0.615723,-1.35839
3.24892,0.42422,-1.3629,3.32036,0.4164,-1.37048
3.28394,0.258747,-1.3606,3.35224,0.269632,-1.36897
3.31605,0.110567,-1.35915,3.39669,0.122999,-1.37269
3.33184,0.0372991,-1.3595,3.4237,0.0448841,-1.37782
3.34453,-0.0230283,-1.35588,3.35946,-0.00793784,-1.35248
3.37062,-0.143537,-1.35797,3.35108,-0.17178,-1.35472
3.40438,-0.299804,-1.3602,3.4795,-0.302482,-1.36883
3.44221,-0.474874,-1.35454,3.50102,-0.487125,-1.35794
3.46701,-0.586912,-1.35175,3.52105,-0.58723,-1.35322
3.47674,-0.629569,-1.35433,3.54212,-0.645074,-1.35673
3.4911,-0.694849,-1.35345,3.55523,-0.707871,-1.3561
3.52147,-0.832579,-1.35502,3.58191,-0.851159,-1.35745
3.56615,-1.03497,-1.35526,3.61693,-1.02699,-1.35922
3.59895,-1.18458,-1.35524,3.65355,-1.18461,-1.35718
3.64408,-1.39106,-1.35555,3.70351,-1.41634,-1.35895
3.69059,-1.60474,-1.36042,3.72734,-1.60748,-1.36172
3.72207,-1.75028,-1.35783,3.74101,-1.74891,-1.35816
3.75344,-1.89442,-1.35412,3.77498,-1.90595,-1.35403
3.77551,-1.99316,-1.35513,3.79494,-1.99291,-1.35598
3.80135,-2.10967,-1.35186,3.81778,-2.11062,-1.3502
3.83269,-2.24904,-1.3508,3.85395,-2.27121,-1.35259
3.86735,-2.40483,-1.34986,3.88618,-2.413,-1.35095
3.89797,-2.54025,-1.34648,3.90919,-2.53608,-1.34579
3.90486,-2.57038,-1.3443,3.92217,-2.58312,-1.34466
3.90521,-2.57165,-1.33959,3.92194,-2.5853,-1.34099
3.90108,-2.56304,-1.33305,3.92332,-2.57986,-1.33317
3.89915,-2.56072,-1.30965,3.90943,-2.56038,-1.30793
3.8969,-2.55899,-1.2758,3.91725,-2.53196,-1.27863
3.89329,-2.56066,-1.16283,3.90784,-2.56909,-1.16209
3.8911,-2.56048,-1.07487,3.90852,-2.56019,-1.07535
3.89162,-2.56104,-1.01869,3.90958,-2.55864,-1.01057
3.89397,-2.56203,-0.95765,3.90817,-2.55775,-0.950464
3.89052,-2.56166,-0.867591,3.91379,-2.53146,-0.870136
3.89689,-2.56615,-0.702544,3.90881,-2.56082,-0.702334
3.89663,-2.56599,-0.566932,3.92653,-2.57893,-0.565446
3.89856,-2.56457,-0.540936,3.87732,-2.56377,-0.540412
3.89502,-2.56614,-0.518072,3.91783,-2.57624,-0.516418
3.89413,-2.56666,-0.374257,3.89182,-2.58228,-0.372736
3.90406,-2.56424,-0.210963,3.89791,-2.57063,-0.210691
3.90346,-2.56414,-0.100444,3.9119,-2.54612,-0.100682
3.9063,-2.56,-0.0835883,3.9606,-2.53019,-0.0887181
3.90229,-2.56439,-0.0762579,3.88204,-2.56375,-0.0757495
3.89985,-2.56698,0.0655631,3.89817,-2.56646,0.0661089
3.91538,-2.55962,0.20818,3.91564,-2.54022,0.206393
3.9149,-2.55958,0.350007,3.91449,-2.53206,0.350248
3.91674,-2.55939,0.346872,3.96686,-2.56778,0.346024
3.91547,-2.56257,0.406378,3.91107,-2.51892,0.406204
3.9145,-2.56588,0.569112,3.91791,-2.57753,0.569963
3.92487,-2.55499,0.733206,3.94831,-2.54578,0.732149
3.92663,-2.54914,0.884627,3.93465,-2.52997,0.88276
3.92716,-2.54976,1.00623,3.96177,-2.54427,1.00706
3.92748,-2.55012,1.07907,3.92767,-2.56334,1.07951
3.92748,-2.55012,1.07907,3.92796,-2.55948,1.08704
